2Theta	Intensidade
30,01969542	188
30,05908627	174
30,09847711	173
30,13786796	156
30,17725881	162
30,21664965	171
30,2560405	182
30,29543135	190
30,33482219	157
30,37421304	169
30,41360389	155
30,45299473	164
30,49238558	164
30,53177643	161
30,57116727	173
30,61055812	168
30,64994897	172
30,68933981	134
30,72873066	183
30,76812151	179
30,80751235	173
30,8469032	180
30,88629405	170
30,92568489	156
30,96507574	169
31,00446659	152
31,04385743	166
31,08324828	178
31,12263913	180
31,16202997	169
31,20142082	166
31,24081167	186
31,28020251	148
31,31959336	165
31,35898421	159
31,39837505	153
31,4377659	151
31,47715675	159
31,51654759	140
31,55593844	195
31,59532929	163
31,63472013	168
31,67411098	156
31,71350183	194
31,75289267	171
31,79228352	162
31,83167437	192
31,87106521	164
31,91045606	141
31,94984691	174
31,98923775	197
32,0286286	163
32,06801945	165
32,10741029	141
32,14680114	155
32,18619199	164
32,22558283	164
32,26497368	173
32,30436453	163
32,34375537	142
32,38314622	122
32,42253707	145
32,46192791	166
32,50131876	161
32,54070961	146
32,58010045	134
32,6194913	170
32,65888215	133
32,69827299	157
32,73766384	172
32,77705469	182
32,81644553	164
32,85583638	151
32,89522723	152
32,93461807	156
32,97400892	146
33,01339977	164
33,05279061	145
33,09218146	157
33,13157231	167
33,17096315	151
33,210354	145
33,24974485	170
33,28913569	157
33,32852654	170
33,36791739	159
33,40730823	148
33,44669908	157
33,48608993	151
33,52548077	173
33,56487162	155
33,60426247	150
33,64365331	164
33,68304416	157
33,72243501	151
33,76182585	166
33,8012167	132
33,84060755	167
33,87999839	142
33,91938924	167
33,95878009	152
33,99817093	158
34,03756178	159
34,07695263	158
34,11634347	163
34,15573432	162
34,19512517	142
34,23451601	157
34,27390686	159
34,31329771	184
34,35268855	172
34,3920794	168
34,43147025	161
34,47086109	169
34,51025194	218
34,54964279	238
34,58903363	270
34,62842448	376
34,66781533	373
34,70720617	236
34,74659702	178
34,78598787	172
34,82537871	172
34,86476956	160
34,90416041	194
34,94355125	166
34,9829421	143
35,02233295	144
35,06172379	177
35,10111464	148
35,14050549	127
35,17989633	174
35,21928718	171
35,25867803	146
35,29806887	144
35,33745972	166
35,37685057	151
35,41624141	150
35,45563226	145
35,49502311	162
35,53441395	128
35,5738048	143
35,61319565	175
35,65258649	182
35,69197734	151
35,73136819	175
35,77075903	127
35,81014988	152
35,84954073	161
35,88893157	153
35,92832242	187
35,96771327	119
36,00710411	137
36,04649496	156
36,08588581	154
36,12527665	149
36,1646675	149
36,20405835	167
36,24344919	141
36,28284004	128
36,32223089	141
36,36162173	120
36,40101258	138
36,44040343	140
36,47979427	151
36,51918512	143
36,55857597	146
36,59796681	120
36,63735766	126
36,67674851	145
36,71613935	147
36,7555302	140
36,79492105	140
36,83431189	144
36,87370274	153
36,91309359	158
36,95248443	158
36,99187528	163
37,03126613	204
37,07065697	194
37,11004782	253
37,14943867	313
37,18882951	340
37,22822036	343
37,26761121	342
37,30700205	357
37,3463929	349
37,38578375	351
37,42517459	362
37,46456544	348
37,50395629	316
37,54334713	348
37,58273798	329
37,62212883	352
37,66151967	340
37,70091052	439
37,74030137	398
37,77969221	362
37,81908306	407
37,8584739	412
37,89786475	388
37,9372556	440
37,97664644	426
38,01603729	446
38,05542814	506
38,09481898	546
38,13420983	636
38,17360068	762
38,21299152	1069
38,25238237	1485
38,29177322	2729
38,33116406	6737
38,37055491	13072
38,40994576	20086
38,4493366	45746
38,48872745	80066
38,5281183	32429
38,56750914	36622
38,60689999	27137
38,64629084	6516
38,68568168	3162
38,72507253	2060
38,76446338	1430
38,80385422	1068
38,84324507	684
38,88263592	548
38,92202676	461
38,96141761	495
39,00080846	418
39,0401993	430
39,07959015	401
39,118981	363
39,15837184	362
39,19776269	338
39,23715354	321
39,27654438	316
39,31593523	307
39,35532608	288
39,39471692	264
39,43410777	279
39,47349862	263
39,51288946	288
39,55228031	261
39,59167116	282
39,631062	261
39,67045285	233
39,7098437	212
39,74923454	258
39,78862539	206
39,82801624	203
39,86740708	235
39,90679793	237
39,94618878	221
39,98557962	203
40,02497047	206
40,06436132	185
40,10375216	212
40,14314301	209
40,18253386	211
40,2219247	208
40,26131555	195
40,3007064	199
40,34009724	173
40,37948809	218
40,41887894	175
40,45826978	192
40,49766063	205
40,53705148	195
40,57644232	193
40,61583317	187
40,65522402	205
40,69461486	161
40,73400571	175
40,77339656	180
40,8127874	206
40,85217825	155
40,8915691	154
40,93095994	176
40,97035079	146
41,00974164	171
41,04913248	162
41,08852333	175
41,12791418	181
41,16730502	163
41,20669587	161
41,24608672	158
41,28547756	155
41,32486841	148
41,36425926	153
41,4036501	154
41,44304095	169
41,4824318	151
41,52182264	168
41,56121349	170
41,60060434	170
41,63999518	161
41,67938603	174
41,71877688	177
41,75816772	222
41,79755857	266
41,83694942	246
41,87634026	240
41,91573111	244
41,95512196	198
41,9945128	179
42,03390365	162
42,0732945	145
42,11268534	166
42,15207619	151
42,19146704	124
42,23085788	129
42,27024873	154
42,30963958	149
42,34903042	142
42,38842127	121
42,42781212	145
42,46720296	129
42,50659381	127
42,54598466	130
42,5853755	131
42,62476635	135
42,6641572	128
42,70354804	133
42,74293889	119
42,78232974	147
42,82172058	128
42,86111143	112
42,90050228	104
42,93989312	124
42,97928397	150
43,01867482	125
43,05806566	128
43,09745651	110
43,13684736	126
43,1762382	133
43,21562905	129
43,2550199	141
43,29441074	126
43,33380159	133
43,37319244	118
43,41258328	123
43,45197413	129
43,49136498	124
43,53075582	138
43,57014667	121
43,60953752	122
43,64892836	112
43,68831921	131
43,72771006	141
43,7671009	128
43,80649175	106
43,8458826	113
43,88527344	134
43,92466429	142
43,96405514	99
44,00344598	141
44,04283683	128
44,08222768	93
44,12161852	88
44,16100937	150
44,20040022	139
44,23979106	116
44,27918191	120
44,31857276	156
44,3579636	139
44,39735445	152
44,4367453	171
44,47613614	169
44,51552699	222
44,55491784	233
44,59430868	337
44,63369953	497
44,67309038	817
44,71248122	1556
44,75187207	1877
44,79126292	1284
44,83065376	1005
44,87004461	1066
44,90943546	528
44,9488263	307
44,98821715	187
45,027608	159
45,06699884	157
45,10638969	128
45,14578054	118
45,18517138	116
45,22456223	115
45,26395308	112
45,30334392	115
45,34273477	114
45,38212562	112
45,42151646	108
45,46090731	116
45,50029816	94
45,539689	100
45,57907985	98
45,6184707	112
45,65786154	126
45,69725239	111
45,73664324	86
45,77603408	91
45,81542493	102
45,85481578	100
45,89420662	81
45,93359747	101
45,97298832	90
46,01237916	86
46,05177001	91
46,09116086	111
46,1305517	86
46,16994255	82
46,2093334	100
46,24872424	89
46,28811509	96
46,32750594	93
46,36689678	96
46,40628763	87
46,44567848	107
46,48506932	101
46,52446017	90
46,56385102	91
46,60324186	77
46,64263271	85
46,68202356	82
46,7214144	85
46,76080525	82
46,8001961	78
46,83958694	82
46,87897779	97
46,91836864	93
46,95775948	84
46,99715033	94
47,03654118	78
47,07593202	93
47,11532287	97
47,15471372	74
47,19410456	98
47,23349541	84
47,27288626	80
47,3122771	82
47,35166795	72
47,3910588	114
47,43044964	77
47,46984049	81
47,50923134	108
47,54862218	87
47,58801303	84
47,62740388	98
47,66679472	81
47,70618557	86
47,74557642	86
47,78496726	69
47,82435811	94
47,86374896	80
47,9031398	93
47,94253065	64
47,9819215	88
48,02131234	84
48,06070319	96
48,10009404	109
48,13948488	89
48,17887573	78
48,21826658	75
48,25765742	96
48,29704827	67
48,33643912	74
48,37582996	71
48,41522081	60
48,45461166	82
48,4940025	70
48,53339335	71
48,5727842	102
48,61217504	79
48,65156589	86
48,69095674	84
48,73034758	64
48,76973843	82
48,80912928	80
48,84852012	69
48,88791097	86
48,92730182	66
48,96669266	70
49,00608351	71
49,04547436	80
49,0848652	61
49,12425605	75
49,1636469	77
49,20303774	70
49,24242859	81
49,28181944	88
49,32121028	57
49,36060113	66
49,39999198	67
49,43938282	72
49,47877367	72
49,51816452	66
49,55755536	59
49,59694621	55
49,63633706	88
49,6757279	77
49,71511875	72
49,7545096	85
49,79390044	75
49,83329129	48
49,87268213	68
49,91207298	67
49,95146383	55
49,99085467	61
50,03024552	71
50,06963637	69
50,10902721	66
50,14841806	67
50,18780891	74
50,22719975	77
50,2665906	67
50,30598145	66
50,34537229	66
50,38476314	74
50,42415399	68
50,46354483	66
50,50293568	74
50,54232653	59
50,58171737	69
50,62110822	51
50,66049907	57
50,69988991	59
50,73928076	48
50,77867161	57
50,81806245	55
50,8574533	53
50,89684415	58
50,93623499	69
50,97562584	62
51,01501669	59
51,05440753	75
51,09379838	58
51,13318923	55
51,17258007	58
51,21197092	76
51,25136177	59
51,29075261	58
51,33014346	61
51,36953431	52
51,40892515	63
51,448316	71
51,48770685	61
51,52709769	51
51,56648854	70
51,60587939	52
51,64527023	49
51,68466108	53
51,72405193	70
51,76344277	59
51,80283362	68
51,84222447	51
51,88161531	47
51,92100616	74
51,96039701	59
51,99978785	62
52,0391787	62
52,07856955	81
52,11796039	68
52,15735124	53
52,19674209	55
52,23613293	57
52,27552378	55
52,31491463	51
52,35430547	65
52,39369632	57
52,43308717	74
52,47247801	47
52,51186886	59
52,55125971	53
52,59065055	60
52,6300414	67
52,66943225	35
52,70882309	69
52,74821394	57
52,78760479	49
52,82699563	62
52,86638648	47
52,90577733	57
52,94516817	55
52,98455902	50
53,02394987	57
53,06334071	57
53,10273156	52
53,14212241	58
53,18151325	78
53,2209041	61
53,26029495	61
53,29968579	58
53,33907664	41
53,37846749	62
53,41785833	55
53,45724918	52
53,49664003	53
53,53603087	72
53,57542172	38
53,61481257	57
53,65420341	50
53,69359426	50
53,73298511	65
53,77237595	42
53,8117668	65
53,85115765	59
53,89054849	51
53,92993934	71
53,96933019	54
54,00872103	53
54,04811188	64
54,08750273	59
54,12689357	49
54,16628442	52
54,20567527	52
54,24506611	45
54,28445696	55
54,32384781	46
54,36323865	63
54,4026295	41
54,44202035	63
54,48141119	74
54,52080204	59
54,56019289	56
54,59958373	51
54,63897458	51
54,67836543	50
54,71775627	49
54,75714712	49
54,79653797	45
54,83592881	52
54,87531966	61
54,91471051	46
54,95410135	37
54,9934922	60
55,03288305	49
55,07227389	49
55,11166474	60
55,15105559	62
55,19044643	45
55,22983728	66
55,26922813	59
55,30861897	45
55,34800982	50
55,38740067	68
55,42679151	53
55,46618236	61
55,50557321	47
55,54496405	57
55,5843549	49
55,62374575	56
55,66313659	55
55,70252744	48
55,74191829	61
55,78130913	49
55,82069998	41
55,86009083	65
55,89948167	50
55,93887252	50
55,97826337	62
56,01765421	51
56,05704506	39
56,09643591	43
56,13582675	42
56,1752176	56
56,21460845	45
56,25399929	33
56,29339014	58
56,33278099	53
56,37217183	55
56,41156268	48
56,45095353	51
56,49034437	57
56,52973522	40
56,56912607	60
56,60851691	57
56,64790776	41
56,68729861	61
56,72668945	57
56,7660803	54
56,80547115	62
56,84486199	56
56,88425284	53
56,92364369	54
56,96303453	36
57,00242538	49
57,04181623	40
57,08120707	34
57,12059792	58
57,15998877	51
57,19937961	54
57,23877046	48
57,27816131	65
57,31755215	55
57,356943	64
57,39633385	49
57,43572469	51
57,47511554	59
57,51450639	39
57,55389723	36
57,59328808	47
57,63267893	37
57,67206977	37
57,71146062	62
57,75085147	45
57,79024231	54
57,82963316	52
57,86902401	53
57,90841485	61
57,9478057	46
57,98719655	47
58,02658739	56
58,06597824	56
58,10536909	62
58,14475993	79
58,18415078	66
58,22354163	65
58,26293247	37
58,30232332	43
58,34171417	50
58,38110501	50
58,42049586	59
58,45988671	49
58,49927755	52
58,5386684	51
58,57805925	49
58,61745009	48
58,65684094	54
58,69623179	65
58,73562263	43
58,77501348	45
58,81440433	54
58,85379517	49
58,89318602	53
58,93257687	65
58,97196771	49
59,01135856	63
59,05074941	49
59,09014025	38
59,1295311	57
59,16892195	41
59,20831279	57
59,24770364	46
59,28709449	69
59,32648533	53
59,36587618	51
59,40526703	52
59,44465787	48
59,48404872	65
59,52343957	48
59,56283041	63
59,60222126	48
59,64161211	53
59,68100295	47
59,7203938	47
59,75978465	51
59,79917549	57
59,83856634	39
59,87795719	47
59,91734803	55
59,95673888	48
59,99612973	42
60,03552057	64
60,07491142	69
60,11430227	29
60,15369311	32
60,19308396	54
60,23247481	60
60,27186565	45
60,3112565	51
60,35064735	46
60,39003819	51
60,42942904	46
60,46881989	48
60,50821073	49
60,54760158	46
60,58699243	45
60,62638327	45
60,66577412	39
60,70516497	51
60,74455581	36
60,78394666	31
60,82333751	43
60,86272835	43
60,9021192	37
60,94151005	43
60,98090089	45
61,02029174	50
61,05968259	41
61,09907343	48
61,13846428	61
61,17785513	59
61,21724597	55
61,25663682	54
61,29602767	49
61,33541851	50
61,37480936	53
61,41420021	53
61,45359105	54
61,4929819	46
61,53237275	51
61,57176359	54
61,61115444	49
61,65054529	41
61,68993613	57
61,72932698	49
61,76871783	62
61,80810867	60
61,84749952	41
61,88689036	41
61,92628121	49
61,96567206	43
62,0050629	41
62,04445375	53
62,0838446	44
62,12323544	36
62,16262629	49
62,20201714	51
62,24140798	59
62,28079883	43
62,32018968	46
62,35958052	48
62,39897137	53
62,43836222	52
62,47775306	46
62,51714391	55
62,55653476	46
62,5959256	60
62,63531645	73
62,6747073	73
62,71409814	72
62,75348899	69
62,79287984	58
62,83227068	47
62,87166153	57
62,91105238	57
62,95044322	63
62,98983407	72
63,02922492	67
63,06861576	62
63,10800661	67
63,14739746	64
63,1867883	60
63,22617915	59
63,26557	50
63,30496084	64
63,34435169	61
63,38374254	48
63,42313338	55
63,46252423	65
63,50191508	50
63,54130592	66
63,58069677	49
63,62008762	50
63,65947846	64
63,69886931	67
63,73826016	84
63,777651	70
63,81704185	60
63,8564327	71
63,89582354	70
63,93521439	68
63,97460524	54
64,01399608	61
64,05338693	73
64,09277778	65
64,13216862	68
64,17155947	59
64,21095032	65
64,25034116	68
64,28973201	67
64,32912286	62
64,3685137	73
64,40790455	48
64,4472954	89
64,48668624	69
64,52607709	72
64,56546794	81
64,60485878	81
64,64424963	92
64,68364048	109
64,72303132	109
64,76242217	155
64,80181302	167
64,84120386	173
64,88059471	176
64,91998556	218
64,9593764	329
64,99876725	690
65,0381581	1629
65,07754894	4423
65,11693979	5334
65,15633064	2428
65,19572148	1117
65,23511233	1556
65,27450318	2978
65,31389402	2179
65,35328487	854
65,39267572	386
65,43206656	239
65,47145741	151
65,51084826	134
65,5502391	112
65,58962995	97
65,6290208	110
65,66841164	82
65,70780249	98
65,74719334	96
65,78658418	64
65,82597503	76
65,86536588	70
65,90475672	74
65,94414757	69
65,98353842	64
66,02292926	68
66,06232011	70
66,10171096	71
66,1411018	74
66,18049265	54
66,2198835	51
66,25927434	79
66,29866519	50
66,33805604	57
66,37744688	50
66,41683773	70
66,45622858	57
66,49561942	52
66,53501027	57
66,57440112	59
66,61379196	51
66,65318281	62
66,69257366	76
66,7319645	66
66,77135535	51
66,8107462	47
66,85013704	56
66,88952789	49
66,92891874	57
66,96830958	57
67,00770043	56
67,04709128	50
67,08648212	38
67,12587297	49
67,16526382	45
67,20465466	61
67,24404551	57
67,28343636	48
67,3228272	46
67,36221805	43
67,4016089	53
67,44099974	55
67,48039059	50
67,51978144	52
67,55917228	57
67,59856313	55
67,63795398	52
67,67734482	53
67,71673567	44
67,75612652	60
67,79551736	59
67,83490821	55
67,87429906	40
67,9136899	48
67,95308075	41
67,9924716	53
68,03186244	43
68,07125329	50
68,11064414	49
68,15003498	56
68,18942583	47
68,22881668	49
68,26820752	41
68,30759837	63
68,34698922	58
68,38638006	42
68,42577091	43
68,46516176	59
68,5045526	46
68,54394345	46
68,5833343	62
68,62272514	54
68,66211599	53
68,70150684	46
68,74089768	37
68,78028853	49
68,81967938	47
68,85907022	47
68,89846107	48
68,93785192	38
68,97724276	62
69,01663361	45
69,05602446	52
69,0954153	51
69,13480615	63
69,174197	53
69,21358784	40
69,25297869	47
69,29236954	55
69,33176038	52
69,37115123	58
69,41054208	42
69,44993292	45
69,48932377	46
69,52871462	37
69,56810546	50
69,60749631	53
69,64688716	54
69,686278	38
69,72566885	52
69,7650597	55
69,80445054	39
69,84384139	41
69,88323224	53
69,92262308	50
69,96201393	38
70,00140478	43
70,04079562	40
70,08018647	47
70,11957732	48
70,15896816	57
70,19835901	53
70,23774986	48
70,2771407	67
70,31653155	50
70,3559224	46
70,39531324	46
70,43470409	54
70,47409494	54
70,51348578	38
70,55287663	45
70,59226748	42
70,63165832	61
70,67104917	58
70,71044002	45
70,74983086	37
70,78922171	46
70,82861256	52
70,8680034	43
70,90739425	52
70,9467851	64
70,98617594	49
71,02556679	54
71,06495764	40
71,10434848	64
71,14373933	49
71,18313018	43
71,22252102	66
71,26191187	44
71,30130272	43
71,34069356	33
71,38008441	32
71,41947526	38
71,4588661	43
71,49825695	45
71,5376478	46
71,57703864	45
71,61642949	48
71,65582034	51
71,69521118	38
71,73460203	38
71,77399288	45
71,81338372	38
71,85277457	43
71,89216542	52
71,93155626	52
71,97094711	55
72,01033796	46
72,0497288	45
72,08911965	55
72,1285105	56
72,16790134	51
72,20729219	63
72,24668304	46
72,28607388	64
72,32546473	47
72,36485558	30
72,40424642	50
72,44363727	46
72,48302812	46
72,52241896	40
72,56180981	39
72,60120066	55
72,6405915	38
72,67998235	49
72,7193732	50
72,75876404	33
72,79815489	52
72,83754574	49
72,87693658	36
72,91632743	42
72,95571828	47
72,99510912	55
73,03449997	46
73,07389082	62
73,11328166	50
73,15267251	56
73,19206336	47
73,2314542	43
73,27084505	51
73,3102359	39
73,34962674	48
73,38901759	50
73,42840844	34
73,46779928	47
73,50719013	49
73,54658098	50
73,58597182	51
73,62536267	43
73,66475352	46
73,70414436	32
73,74353521	45
73,78292606	33
73,8223169	44
73,86170775	30
73,90109859	40
73,94048944	41
73,97988029	60
74,01927113	48
74,05866198	55
74,09805283	42
74,13744367	34
74,17683452	38
74,21622537	41
74,25561621	31
74,29500706	48
74,33439791	47
74,37378875	58
74,4131796	42
74,45257045	42
74,49196129	45
74,53135214	51
74,57074299	55
74,61013383	45
74,64952468	44
74,68891553	33
74,72830637	42
74,76769722	49
74,80708807	41
74,84647891	49
74,88586976	41
74,92526061	50
74,96465145	40
75,0040423	44
75,04343315	44
75,08282399	41
75,12221484	39
75,16160569	45
75,20099653	45
75,24038738	30
75,27977823	37
75,31916907	55
75,35855992	46
75,39795077	49
75,43734161	66
75,47673246	45
75,51612331	42
75,55551415	47
75,594905	44
75,63429585	55
75,67368669	40
75,71307754	48
75,75246839	33
75,79185923	38
75,83125008	58
75,87064093	41
75,91003177	33
75,94942262	40
75,98881347	35
76,02820431	35
76,06759516	44
76,10698601	45
76,14637685	45
76,1857677	41
76,22515855	49
76,26454939	47
76,30394024	40
76,34333109	54
76,38272193	35
76,42211278	48
76,46150363	58
76,50089447	34
76,54028532	55
76,57967617	46
76,61906701	43
76,65845786	45
76,69784871	45
76,73723955	47
76,7766304	42
76,81602125	45
76,85541209	45
76,89480294	32
76,93419379	41
76,97358463	48
77,01297548	39
77,05236633	40
77,09175717	48
77,13114802	62
77,17053887	42
77,20992971	42
77,24932056	56
77,28871141	50
77,32810225	50
77,3674931	46
77,40688395	65
77,44627479	30
77,48566564	41
77,52505649	35
77,56444733	48
77,60383818	54
77,64322903	60
77,68261987	41
77,72201072	59
77,76140157	66
77,80079241	59
77,84018326	53
77,87957411	77
77,91896495	58
77,9583558	67
77,99774665	68
78,03713749	90
78,07652834	115
78,11591919	115
78,15531003	251
78,19470088	354
78,23409173	540
78,27348257	509
78,31287342	285
78,35226427	215
78,39165511	203
78,43104596	271
78,47043681	289
78,50982765	300
78,5492185	182
78,58860935	107
78,62800019	97
78,66739104	76
78,70678189	70
78,74617273	65
78,78556358	57
78,82495443	59
78,86434527	53
78,90373612	56
78,94312697	44
78,98251781	34
79,02190866	42
79,06129951	49
79,10069035	59
79,1400812	46
79,17947205	34
79,21886289	52
79,25825374	53
79,29764459	38
79,33703543	47
79,37642628	44
79,41581713	42
79,45520797	55
79,49459882	44
79,53398967	38
79,57338051	53
79,61277136	44
79,65216221	52
79,69155305	49
79,7309439	56
79,77033475	64
79,80972559	39
79,84911644	38
79,88850729	61
79,92789813	41
79,96728898	54
80,00667983	64
80,04607067	59
80,08546152	77
80,12485237	65
80,16424321	64
80,20363406	50
80,24302491	48
80,28241575	54
80,3218066	38
80,36119745	56
80,40058829	55
80,43997914	43
80,47936999	45
80,51876083	55
80,55815168	37
80,59754253	42
80,63693337	37
80,67632422	33
80,71571507	52
80,75510591	52
80,79449676	48
80,83388761	56
80,87327845	64
80,9126693	50
80,95206015	50
80,99145099	50
81,03084184	53
81,07023269	55
81,10962353	40
81,14901438	42
81,18840523	41
81,22779607	41
81,26718692	61
81,30657777	32
81,34596861	43
81,38535946	48
81,42475031	53
81,46414115	49
81,503532	53
81,54292285	52
81,58231369	55
81,62170454	50
81,66109539	48
81,70048623	49
81,73987708	45
81,77926793	41
81,81865877	62
81,85804962	58
81,89744047	45
81,93683131	68
81,97622216	71
82,01561301	86
82,05500385	65
82,0943947	66
82,13378555	75
82,17317639	98
82,21256724	100
82,25195809	116
82,29134893	170
82,33073978	267
82,37013063	608
82,40952147	1293
82,44891232	1653
82,48830317	891
82,52769401	469
82,56708486	349
82,60647571	469
82,64586655	638
82,6852574	923
82,72464825	629
82,76403909	327
82,80342994	206
82,84282079	161
82,88221163	166
82,92160248	119
82,96099333	77
83,00038417	75
83,03977502	53
83,07916587	56
83,11855671	50
83,15794756	51
83,19733841	76
83,23672925	46
83,2761201	67
83,31551095	47
83,35490179	47
83,39429264	47
83,43368349	51
83,47307433	41
83,51246518	45
83,55185603	40
83,59124687	55
83,63063772	32
83,67002857	29
83,70941941	42
83,74881026	46
83,78820111	43
83,82759195	46
83,8669828	49
83,90637365	52
83,94576449	26
83,98515534	39
84,02454619	44
84,06393703	42
84,10332788	41
84,14271873	41
84,18210957	44
84,22150042	48
84,26089127	39
84,30028211	45
84,33967296	37
84,37906381	32
84,41845465	39
84,4578455	44
84,49723635	37
84,53662719	50
84,57601804	33
84,61540889	40
84,65479973	42
84,69419058	43
84,73358143	58
84,77297227	33
84,81236312	43
84,85175397	39
84,89114481	47
84,93053566	49
84,96992651	50
85,00931735	42
85,0487082	39
85,08809905	47
85,12748989	38
85,16688074	40
85,20627159	46
85,24566243	33
85,28505328	54
85,32444413	48
85,36383497	36
85,40322582	38
85,44261667	38
85,48200751	38
85,52139836	49
85,56078921	35
85,60018005	40
85,6395709	44
85,67896175	43
85,71835259	42
85,75774344	34
85,79713428	31
85,83652513	36
85,87591598	50
85,91530682	38
85,95469767	60
85,99408852	44
86,03347936	36
86,07287021	35
86,11226106	44
86,1516519	35
86,19104275	47
86,2304336	29
86,26982444	49
86,30921529	37
86,34860614	39
86,38799698	41
86,42738783	38
86,46677868	44
86,50616952	34
86,54556037	40
86,58495122	32
86,62434206	39
86,66373291	34
86,70312376	46
86,7425146	31
86,78190545	25
86,8212963	41
86,86068714	37
86,90007799	42
86,93946884	38
86,97885968	40
87,01825053	47
87,05764138	28
87,09703222	46
87,13642307	37
87,17581392	27
87,21520476	46
87,25459561	39
87,29398646	46
87,3333773	49
87,37276815	35
87,412159	47
87,45154984	54
87,49094069	41
87,53033154	34
87,56972238	44
87,60911323	40
87,64850408	39
87,68789492	21
87,72728577	31
87,76667662	36
87,80606746	38
87,84545831	32
87,88484916	39
87,92424	38
87,96363085	30
88,0030217	31
88,04241254	30
88,08180339	26
88,12119424	32
88,16058508	31
88,19997593	26
88,23936678	33
88,27875762	28
88,31814847	30
88,35753932	26
88,39693016	32
88,43632101	39
88,47571186	34
88,5151027	42
88,55449355	26
88,5938844	28
88,63327524	24
88,67266609	46
88,71205694	30
88,75144778	31
88,79083863	31
88,83022948	40
88,86962032	36
88,90901117	39
88,94840202	33
88,98779286	29
89,02718371	37
89,06657456	33
89,1059654	39
89,14535625	35
89,1847471	43
89,22413794	36
89,26352879	36
89,30291964	40
89,34231048	33
89,38170133	41
89,42109218	50
89,46048302	42
89,49987387	30
89,53926472	31
89,57865556	32
89,61804641	25
89,65743726	34
89,6968281	46
89,73621895	44
89,7756098	35
89,81500064	46
89,85439149	31
89,89378234	30
89,93317318	40
89,97256403	30
