2Theta	Intensidade
30,02769542	1120
30,06708627	1135
30,10647711	1133
30,14586796	1079
30,18525881	1110
30,22464965	1105
30,2640405	1106
30,30343135	1122
30,34282219	1114
30,38221304	1121
30,42160389	1045
30,46099473	1084
30,50038558	1184
30,53977643	1160
30,57916727	1166
30,61855812	1042
30,65794897	1122
30,69733981	1049
30,73673066	1154
30,77612151	1146
30,81551235	1082
30,8549032	1158
30,89429405	1085
30,93368489	1029
30,97307574	1072
31,01246659	1121
31,05185743	1017
31,09124828	1127
31,13063913	1106
31,17002997	1139
31,20942082	1083
31,24881167	1178
31,28820251	1081
31,32759336	1088
31,36698421	1097
31,40637505	1091
31,4457659	1084
31,48515675	1093
31,52454759	1062
31,56393844	1051
31,60332929	1087
31,64272013	1049
31,68211098	1031
31,72150183	1061
31,76089267	1066
31,80028352	1057
31,83967437	1071
31,87906521	1080
31,91845606	1101
31,95784691	1063
31,99723775	1054
32,0366286	1084
32,07601945	1068
32,11541029	1053
32,15480114	1061
32,19419199	1080
32,23358283	1012
32,27297368	1019
32,31236453	1055
32,35175537	1131
32,39114622	1073
32,43053707	1051
32,46992791	1071
32,50931876	1117
32,54870961	1051
32,58810045	1169
32,6274913	1075
32,66688215	971
32,70627299	1066
32,74566384	1078
32,78505469	1052
32,82444553	979
32,86383638	1089
32,90322723	1093
32,94261807	1131
32,98200892	1114
33,02139977	1040
33,06079061	1155
33,10018146	1077
33,13957231	1115
33,17896315	1117
33,218354	1108
33,25774485	1055
33,29713569	1089
33,33652654	1008
33,37591739	1059
33,41530823	1063
33,45469908	1085
33,49408993	1077
33,53348077	1155
33,57287162	1055
33,61226247	1111
33,65165331	1030
33,69104416	1041
33,73043501	1106
33,76982585	1042
33,8092167	1045
33,84860755	1020
33,88799839	1074
33,92738924	1064
33,96678009	1137
34,00617093	1051
34,04556178	1056
34,08495263	1062
34,12434347	1059
34,16373432	1028
34,20312517	1031
34,24251601	1068
34,28190686	997
34,32129771	1022
34,36068855	1074
34,4000794	1091
34,43947025	1078
34,47886109	1084
34,51825194	1085
34,55764279	1115
34,59703363	1044
34,63642448	1070
34,67581533	1011
34,71520617	1083
34,75459702	1032
34,79398787	1081
34,83337871	1004
34,87276956	1025
34,91216041	1007
34,95155125	1063
34,9909421	1083
35,03033295	1034
35,06972379	1088
35,10911464	1041
35,14850549	1052
35,18789633	1060
35,22728718	1032
35,26667803	1012
35,30606887	1032
35,34545972	1095
35,38485057	1079
35,42424141	1056
35,46363226	999
35,50302311	1059
35,54241395	1069
35,5818048	1020
35,62119565	1050
35,66058649	1030
35,69997734	1042
35,73936819	1098
35,77875903	1083
35,81814988	1045
35,85754073	1069
35,89693157	1122
35,93632242	1013
35,97571327	1094
36,01510411	1100
36,05449496	1066
36,09388581	1045
36,13327665	1049
36,1726675	1031
36,21205835	1019
36,25144919	1041
36,29084004	1064
36,33023089	1108
36,36962173	1112
36,40901258	1195
36,44840343	1227
36,48779427	1224
36,52718512	1230
36,56657597	1104
36,60596681	1178
36,64535766	1114
36,68474851	1085
36,72413935	1052
36,7635302	1119
36,80292105	1052
36,84231189	1032
36,88170274	1050
36,92109359	1073
36,96048443	1089
36,99987528	1045
37,03926613	1084
37,07865697	1045
37,11804782	1069
37,15743867	1025
37,19682951	1048
37,23622036	1090
37,27561121	1134
37,31500205	1145
37,3543929	1041
37,39378375	1076
37,43317459	1066
37,47256544	1062
37,51195629	1025
37,55134713	1022
37,59073798	1029
37,63012883	1139
37,66951967	1077
37,70891052	1101
37,74830137	1069
37,78769221	1054
37,82708306	1098
37,8664739	1054
37,90586475	1040
37,9452556	1040
37,98464644	1139
38,02403729	1062
38,06342814	1026
38,10281898	1035
38,14220983	1069
38,18160068	995
38,22099152	1028
38,26038237	1074
38,29977322	1047
38,33916406	1079
38,37855491	1068
38,41794576	1099
38,4573366	1035
38,49672745	1064
38,5361183	1044
38,57550914	1059
38,61489999	1067
38,65429084	1042
38,69368168	1040
38,73307253	1040
38,77246338	1073
38,81185422	1135
38,85124507	1048
38,89063592	1035
38,93002676	1093
38,96941761	1150
39,00880846	1123
39,0481993	1130
39,08759015	1208
39,126981	1144
39,16637184	1222
39,20576269	1275
39,24515354	1265
39,28454438	1293
39,32393523	1303
39,36332608	1261
39,40271692	1286
39,44210777	1277
39,48149862	1351
39,52088946	1262
39,56028031	1274
39,59967116	1364
39,639062	1405
39,67845285	1441
39,7178437	1458
39,75723454	1437
39,79662539	1486
39,83601624	1514
39,87540708	1639
39,91479793	1672
39,95418878	1771
39,99357962	1899
40,03297047	1991
40,07236132	2427
40,11175216	2719
40,15114301	3377
40,19053386	4242
40,2299247	5651
40,26931555	8080
40,3087064	11453
40,34809724	16540
40,38748809	21454
40,42687894	26699
40,46626978	30827
40,50566063	34300
40,54505148	35319
40,58444232	34629
40,62383317	30660
40,66322402	24641
40,70261486	18108
40,74200571	12734
40,78139656	8421
40,8207874	5382
40,86017825	3709
40,8995691	2852
40,93895994	2403
40,97835079	2100
41,01774164	1887
41,05713248	1819
41,09652333	1662
41,13591418	1555
41,17530502	1427
41,21469587	1491
41,25408672	1366
41,29347756	1322
41,33286841	1417
41,37225926	1317
41,4116501	1278
41,45104095	1244
41,4904318	1347
41,52982264	1231
41,56921349	1299
41,60860434	1266
41,64799518	1191
41,68738603	1149
41,72677688	1206
41,76616772	1210
41,80555857	1163
41,84494942	1174
41,88434026	1213
41,92373111	1121
41,96312196	1157
42,0025128	1235
42,04190365	1205
42,0812945	1059
42,12068534	1090
42,16007619	1116
42,19946704	1100
42,23885788	1089
42,27824873	1204
42,31763958	1258
42,35703042	1136
42,39642127	1173
42,43581212	1142
42,47520296	1114
42,51459381	1083
42,55398466	1145
42,5933755	1121
42,63276635	1161
42,6721572	1145
42,71154804	1098
42,75093889	1027
42,79032974	1066
42,82972058	1080
42,86911143	1131
42,90850228	1098
42,94789312	1009
42,98728397	1117
43,02667482	1085
43,06606566	1089
43,10545651	1100
43,14484736	1139
43,1842382	1089
43,22362905	1131
43,2630199	1114
43,30241074	1094
43,34180159	1077
43,38119244	1021
43,42058328	1091
43,45997413	1057
43,49936498	1065
43,53875582	1126
43,57814667	1084
43,61753752	1006
43,65692836	1112
43,69631921	1161
43,73571006	1072
43,7751009	1039
43,81449175	1154
43,8538826	1085
43,89327344	1015
43,93266429	1105
43,97205514	1206
44,01144598	1125
44,05083683	1117
44,09022768	1103
44,12961852	1057
44,16900937	1137
44,20840022	1111
44,24779106	1091
44,28718191	1081
44,32657276	1094
44,3659636	1013
44,40535445	1054
44,4447453	1034
44,48413614	1095
44,52352699	1057
44,56291784	1103
44,60230868	986
44,64169953	1024
44,68109038	1018
44,72048122	1031
44,75987207	1001
44,79926292	1079
44,83865376	1018
44,87804461	985
44,91743546	960
44,9568263	1015
44,99621715	1068
45,035608	1080
45,07499884	1057
45,11438969	1038
45,15378054	1005
45,19317138	1004
45,23256223	1039
45,27195308	1054
45,31134392	991
45,35073477	1019
45,39012562	1008
45,42951646	1061
45,46890731	1087
45,50829816	1020
45,547689	1021
45,58707985	1071
45,6264707	998
45,66586154	974
45,70525239	1082
45,74464324	1055
45,78403408	1164
45,82342493	1093
45,86281578	1050
45,90220662	1081
45,94159747	1080
45,98098832	1078
46,02037916	1027
46,05977001	1004
46,09916086	976
46,1385517	1058
46,17794255	995
46,2173334	1006
46,25672424	1054
46,29611509	968
46,33550594	989
46,37489678	1073
46,41428763	1051
46,45367848	992
46,49306932	879
46,53246017	959
46,57185102	1042
46,61124186	1026
46,65063271	957
46,69002356	1067
46,7294144	1003
46,76880525	1062
46,8081961	1000
46,84758694	1031
46,88697779	1073
46,92636864	986
46,96575948	1019
47,00515033	1018
47,04454118	1099
47,08393202	1042
47,12332287	1041
47,16271372	941
47,20210456	1076
47,24149541	1025
47,28088626	985
47,3202771	985
47,35966795	1087
47,3990588	984
47,43844964	1033
47,47784049	1056
47,51723134	1058
47,55662218	1004
47,59601303	954
47,63540388	980
47,67479472	1150
47,71418557	1043
47,75357642	1011
47,79296726	1044
47,83235811	1001
47,87174896	1017
47,9111398	925
47,95053065	986
47,9899215	1020
48,02931234	976
48,06870319	1034
48,10809404	976
48,14748488	1000
48,18687573	933
48,22626658	964
48,26565742	959
48,30504827	952
48,34443912	982
48,38382996	919
48,42322081	961
48,46261166	984
48,5020025	957
48,54139335	1076
48,5807842	964
48,62017504	932
48,65956589	969
48,69895674	992
48,73834758	986
48,77773843	971
48,81712928	997
48,85652012	1014
48,89591097	990
48,93530182	989
48,97469266	1034
49,01408351	940
49,05347436	1021
49,0928652	969
49,13225605	963
49,1716469	948
49,21103774	1014
49,25042859	980
49,28981944	926
49,32921028	1003
49,36860113	968
49,40799198	923
49,44738282	964
49,48677367	1021
49,52616452	994
49,56555536	982
49,60494621	981
49,64433706	936
49,6837279	960
49,72311875	958
49,7625096	1004
49,80190044	1018
49,84129129	984
49,88068213	979
49,92007298	936
49,95946383	943
49,99885467	1021
50,03824552	905
50,07763637	890
50,11702721	865
50,15641806	996
50,19580891	920
50,23519975	947
50,2745906	1031
50,31398145	976
50,35337229	993
50,39276314	1025
50,43215399	980
50,47154483	949
50,51093568	953
50,55032653	940
50,58971737	971
50,62910822	936
50,66849907	973
50,70788991	1005
50,74728076	1032
50,78667161	953
50,82606245	1030
50,8654533	989
50,90484415	951
50,94423499	987
50,98362584	945
51,02301669	1018
51,06240753	960
51,10179838	973
51,14118923	965
51,18058007	967
51,21997092	962
51,25936177	953
51,29875261	1028
51,33814346	987
51,37753431	947
51,41692515	992
51,456316	960
51,49570685	958
51,53509769	935
51,57448854	1008
51,61387939	977
51,65327023	969
51,69266108	929
51,73205193	973
51,77144277	1000
51,81083362	945
51,85022447	988
51,88961531	952
51,92900616	944
51,96839701	1046
52,00778785	912
52,0471787	909
52,08656955	860
52,12596039	901
52,16535124	980
52,20474209	1041
52,24413293	999
52,28352378	916
52,32291463	958
52,36230547	1005
52,40169632	992
52,44108717	942
52,48047801	973
52,51986886	916
52,55925971	1002
52,59865055	1075
52,6380414	964
52,67743225	1028
52,71682309	965
52,75621394	935
52,79560479	944
52,83499563	992
52,87438648	956
52,91377733	869
52,95316817	957
52,99255902	977
53,03194987	945
53,07134071	913
53,11073156	959
53,15012241	933
53,18951325	856
53,2289041	991
53,26829495	891
53,30768579	936
53,34707664	933
53,38646749	960
53,42585833	951
53,46524918	936
53,50464003	912
53,54403087	987
53,58342172	967
53,62281257	970
53,66220341	893
53,70159426	1017
53,74098511	999
53,78037595	943
53,8197668	903
53,85915765	932
53,89854849	932
53,93793934	991
53,97733019	966
54,01672103	895
54,05611188	981
54,09550273	937
54,13489357	1008
54,17428442	965
54,21367527	972
54,25306611	971
54,29245696	926
54,33184781	978
54,37123865	999
54,4106295	954
54,45002035	978
54,48941119	954
54,52880204	980
54,56819289	967
54,60758373	927
54,64697458	948
54,68636543	939
54,72575627	891
54,76514712	902
54,80453797	927
54,84392881	918
54,88331966	926
54,92271051	854
54,96210135	936
55,0014922	913
55,04088305	986
55,08027389	997
55,11966474	938
55,15905559	907
55,19844643	954
55,23783728	987
55,27722813	895
55,31661897	934
55,35600982	952
55,39540067	967
55,43479151	970
55,47418236	1003
55,51357321	914
55,55296405	956
55,5923549	950
55,63174575	953
55,67113659	979
55,71052744	980
55,74991829	936
55,78930913	921
55,82869998	892
55,86809083	951
55,90748167	980
55,94687252	908
55,98626337	935
56,02565421	988
56,06504506	942
56,10443591	998
56,14382675	898
56,1832176	894
56,22260845	901
56,26199929	910
56,30139014	979
56,34078099	941
56,38017183	963
56,41956268	988
56,45895353	967
56,49834437	920
56,53773522	915
56,57712607	969
56,61651691	996
56,65590776	1020
56,69529861	931
56,73468945	985
56,7740803	957
56,81347115	931
56,85286199	939
56,89225284	921
56,93164369	1078
56,97103453	989
57,01042538	1008
57,04981623	1004
57,08920707	987
57,12859792	929
57,16798877	983
57,20737961	888
57,24677046	969
57,28616131	974
57,32555215	972
57,364943	892
57,40433385	977
57,44372469	911
57,48311554	978
57,52250639	953
57,56189723	950
57,60128808	881
57,64067893	974
57,68006977	1005
57,71946062	949
57,75885147	1008
57,79824231	936
57,83763316	1018
57,87702401	849
57,91641485	1000
57,9558057	1035
57,99519655	1071
58,03458739	1117
58,07397824	1175
58,11336909	1107
58,15275993	1049
58,19215078	1151
58,23154163	1316
58,27093247	1298
58,31032332	1483
58,34971417	1639
58,38910501	1924
58,42849586	2421
58,46788671	3075
58,50727755	3753
58,5466684	4310
58,58605925	5098
58,62545009	5413
58,66484094	5798
58,70423179	5785
58,74362263	5637
58,78301348	4856
58,82240433	3996
58,86179517	3377
58,90118602	2856
58,94057687	2344
58,97996771	1924
59,01935856	1549
59,05874941	1390
59,09814025	1229
59,1375311	1141
59,17692195	1075
59,21631279	1137
59,25570364	1060
59,29509449	1037
59,33448533	972
59,37387618	1002
59,41326703	1034
59,45265787	1020
59,49204872	1021
59,53143957	1037
59,57083041	954
59,61022126	943
59,64961211	994
59,68900295	969
59,7283938	964
59,76778465	982
59,80717549	948
59,84656634	965
59,88595719	1010
59,92534803	1011
59,96473888	917
60,00412973	961
60,04352057	955
60,08291142	1000
60,12230227	1009
60,16169311	989
60,20108396	941
60,24047481	923
60,27986565	952
60,3192565	949
60,35864735	940
60,39803819	1039
60,43742904	987
60,47681989	939
60,51621073	940
60,55560158	947
60,59499243	916
60,63438327	913
60,67377412	980
60,71316497	946
60,75255581	988
60,79194666	840
60,83133751	1023
60,87072835	917
60,9101192	952
60,94951005	869
60,98890089	973
61,02829174	950
61,06768259	955
61,10707343	903
61,14646428	923
61,18585513	889
61,22524597	960
61,26463682	932
61,30402767	959
61,34341851	1004
61,38280936	994
61,42220021	899
61,46159105	915
61,5009819	962
61,54037275	941
61,57976359	985
61,61915444	996
61,65854529	926
61,69793613	910
61,73732698	919
61,77671783	892
61,81610867	1043
61,85549952	890
61,89489036	899
61,93428121	859
61,97367206	954
62,0130629	926
62,05245375	958
62,0918446	977
62,13123544	912
62,17062629	944
62,21001714	964
62,24940798	982
62,28879883	964
62,32818968	1006
62,36758052	869
62,40697137	887
62,44636222	907
62,48575306	950
62,52514391	1051
62,56453476	909
62,6039256	969
62,64331645	936
62,6827073	878
62,72209814	971
62,76148899	943
62,80087984	943
62,84027068	1029
62,87966153	973
62,91905238	948
62,95844322	936
62,99783407	893
63,03722492	902
63,07661576	878
63,11600661	997
63,15539746	914
63,1947883	919
63,23417915	885
63,27357	987
63,31296084	971
63,35235169	936
63,39174254	935
63,43113338	970
63,47052423	914
63,50991508	902
63,54930592	934
63,58869677	934
63,62808762	972
63,66747846	1000
63,70686931	1017
63,74626016	910
63,785651	1003
63,82504185	870
63,8644327	996
63,90382354	927
63,94321439	943
63,98260524	964
64,02199608	965
64,06138693	962
64,10077778	905
64,14016862	955
64,17955947	946
64,21895032	1003
64,25834116	978
64,29773201	939
64,33712286	974
64,3765137	953
64,41590455	935
64,4552954	972
64,49468624	899
64,53407709	923
64,57346794	918
64,61285878	941
64,65224963	910
64,69164048	882
64,73103132	962
64,77042217	955
64,80981302	961
64,84920386	903
64,88859471	882
64,92798556	925
64,9673764	895
65,00676725	911
65,0461581	909
65,08554894	979
65,12493979	926
65,16433064	980
65,20372148	924
65,24311233	953
65,28250318	970
65,32189402	904
65,36128487	1026
65,40067572	926
65,44006656	1003
65,47945741	921
65,51884826	1022
65,5582391	1005
65,59762995	976
65,6370208	920
65,67641164	941
65,71580249	926
65,75519334	922
65,79458418	966
65,83397503	894
65,87336588	888
65,91275672	943
65,95214757	881
65,99153842	900
66,03092926	960
66,07032011	911
66,10971096	873
66,1491018	973
66,18849265	997
66,2278835	870
66,26727434	931
66,30666519	958
66,34605604	879
66,38544688	1019
66,42483773	937
66,46422858	942
66,50361942	963
66,54301027	922
66,58240112	933
66,62179196	899
66,66118281	924
66,70057366	963
66,7399645	959
66,77935535	1005
66,8187462	992
66,85813704	939
66,89752789	870
66,93691874	874
66,97630958	910
67,01570043	899
67,05509128	959
67,09448212	965
67,13387297	987
67,17326382	900
67,21265466	875
67,25204551	970
67,29143636	875
67,3308272	904
67,37021805	955
67,4096089	949
67,44899974	938
67,48839059	920
67,52778144	892
67,56717228	967
67,60656313	990
67,64595398	921
67,68534482	874
67,72473567	886
67,76412652	924
67,80351736	938
67,84290821	996
67,88229906	869
67,9216899	812
67,96108075	909
68,0004716	872
68,03986244	902
68,07925329	903
68,11864414	952
68,15803498	892
68,19742583	995
68,23681668	893
68,27620752	889
68,31559837	903
68,35498922	918
68,39438006	919
68,43377091	999
68,47316176	905
68,5125526	954
68,55194345	918
68,5913343	876
68,63072514	906
68,67011599	894
68,70950684	889
68,74889768	957
68,78828853	935
68,82767938	910
68,86707022	960
68,90646107	964
68,94585192	883
68,98524276	941
69,02463361	964
69,06402446	935
69,1034153	940
69,14280615	905
69,182197	964
69,22158784	915
69,26097869	969
69,30036954	913
69,33976038	950
69,37915123	908
69,41854208	903
69,45793292	887
69,49732377	921
69,53671462	905
69,57610546	966
69,61549631	954
69,65488716	954
69,694278	972
69,73366885	916
69,7730597	855
69,81245054	938
69,85184139	905
69,89123224	932
69,93062308	925
69,97001393	948
70,00940478	967
70,04879562	942
70,08818647	937
70,12757732	890
70,16696816	963
70,20635901	875
70,24574986	895
70,2851407	919
70,32453155	924
70,3639224	945
70,40331324	926
70,44270409	899
70,48209494	889
70,52148578	956
70,56087663	941
70,60026748	874
70,63965832	898
70,67904917	898
70,71844002	904
70,75783086	961
70,79722171	902
70,83661256	1004
70,8760034	938
70,91539425	879
70,9547851	956
70,99417594	934
71,03356679	971
71,07295764	974
71,11234848	964
71,15173933	928
71,19113018	977
71,23052102	937
71,26991187	973
71,30930272	978
71,34869356	992
71,38808441	1009
71,42747526	912
71,4668661	975
71,50625695	999
71,5456478	956
71,58503864	951
71,62442949	919
71,66382034	970
71,70321118	941
71,74260203	984
71,78199288	935
71,82138372	930
71,86077457	937
71,90016542	953
71,93955626	907
71,97894711	992
72,01833796	984
72,0577288	988
72,09711965	1008
72,1365105	993
72,17590134	983
72,21529219	939
72,25468304	987
72,29407388	989
72,33346473	958
72,37285558	1000
72,41224642	1001
72,45163727	897
72,49102812	1029
72,53041896	1041
72,56980981	1026
72,60920066	1012
72,6485915	985
72,68798235	1112
72,7273732	1071
72,76676404	996
72,80615489	1017
72,84554574	1159
72,88493658	1073
72,92432743	1040
72,96371828	1198
73,00310912	1202
73,04249997	1193
73,08189082	1261
73,12128166	1351
73,16067251	1421
73,20006336	1534
73,2394542	1646
73,27884505	1882
73,3182359	2167
73,35762674	2446
73,39701759	2951
73,43640844	3615
73,47579928	4465
73,51519013	5643
73,55458098	6676
73,59397182	7618
73,63336267	8455
73,67275352	9017
73,71214436	9153
73,75153521	9188
73,79092606	8893
73,8303169	8283
73,86970775	6872
73,90909859	5775
73,94848944	5159
73,98788029	4497
74,02727113	3797
74,06666198	2970
74,10605283	2254
74,14544367	1912
74,18483452	1531
74,22422537	1437
74,26361621	1283
74,30300706	1307
74,34239791	1165
74,38178875	1138
74,4211796	1193
74,46057045	1106
74,49996129	1114
74,53935214	1106
74,57874299	1063
74,61813383	1058
74,65752468	969
74,69691553	1056
74,73630637	990
74,77569722	1042
74,81508807	932
74,85447891	1003
74,89386976	986
74,93326061	973
74,97265145	983
75,0120423	950
75,05143315	980
75,09082399	942
75,13021484	962
75,16960569	923
75,20899653	979
75,24838738	919
75,28777823	911
75,32716907	1001
75,36655992	1027
75,40595077	1009
75,44534161	962
75,48473246	1033
75,52412331	920
75,56351415	944
75,602905	948
75,64229585	982
75,68168669	948
75,72107754	946
75,76046839	951
75,79985923	983
75,83925008	917
75,87864093	971
75,91803177	990
75,95742262	1029
75,99681347	909
76,03620431	935
76,07559516	911
76,11498601	921
76,15437685	957
76,1937677	944
76,23315855	984
76,27254939	862
76,31194024	884
76,35133109	865
76,39072193	954
76,43011278	907
76,46950363	1040
76,50889447	958
76,54828532	919
76,58767617	913
76,62706701	953
76,66645786	979
76,70584871	919
76,74523955	912
76,7846304	961
76,82402125	970
76,86341209	909
76,90280294	958
76,94219379	908
76,98158463	976
77,02097548	901
77,06036633	910
77,09975717	934
77,13914802	960
77,17853887	919
77,21792971	926
77,25732056	927
77,29671141	939
77,33610225	899
77,3754931	960
77,41488395	929
77,45427479	980
77,49366564	938
77,53305649	922
77,57244733	918
77,61183818	935
77,65122903	972
77,69061987	896
77,73001072	982
77,76940157	897
77,80879241	954
77,84818326	919
77,88757411	875
77,92696495	922
77,9663558	938
78,00574665	986
78,04513749	891
78,08452834	952
78,12391919	968
78,16331003	956
78,20270088	904
78,24209173	909
78,28148257	965
78,32087342	945
78,36026427	909
78,39965511	914
78,43904596	907
78,47843681	961
78,51782765	961
78,5572185	890
78,59660935	871
78,63600019	945
78,67539104	939
78,71478189	950
78,75417273	948
78,79356358	960
78,83295443	874
78,87234527	938
78,91173612	880
78,95112697	914
78,99051781	921
79,02990866	872
79,06929951	865
79,10869035	968
79,1480812	872
79,18747205	836
79,22686289	958
79,26625374	892
79,30564459	925
79,34503543	927
79,38442628	886
79,42381713	906
79,46320797	934
79,50259882	876
79,54198967	856
79,58138051	899
79,62077136	939
79,66016221	873
79,69955305	945
79,7389439	930
79,77833475	888
79,81772559	938
79,85711644	952
79,89650729	884
79,93589813	846
79,97528898	884
80,01467983	886
80,05407067	921
80,09346152	942
80,13285237	901
80,17224321	877
80,21163406	874
80,25102491	926
80,29041575	903
80,3298066	902
80,36919745	871
80,40858829	948
80,44797914	986
80,48736999	966
80,52676083	893
80,56615168	933
80,60554253	918
80,64493337	896
80,68432422	940
80,72371507	907
80,76310591	955
80,80249676	954
80,84188761	940
80,88127845	945
80,9206693	945
80,96006015	938
80,99945099	895
81,03884184	905
81,07823269	893
81,11762353	818
81,15701438	861
81,19640523	951
81,23579607	928
81,27518692	860
81,31457777	940
81,35396861	864
81,39335946	879
81,43275031	888
81,47214115	959
81,511532	975
81,55092285	947
81,59031369	961
81,62970454	966
81,66909539	945
81,70848623	971
81,74787708	943
81,78726793	949
81,82665877	897
81,86604962	973
81,90544047	933
81,94483131	902
81,98422216	929
82,02361301	934
82,06300385	873
82,1023947	947
82,14178555	870
82,18117639	833
82,22056724	928
82,25995809	961
82,29934893	876
82,33873978	944
82,37813063	987
82,41752147	996
82,45691232	831
82,49630317	838
82,53569401	896
82,57508486	950
82,61447571	927
82,65386655	904
82,6932574	877
82,73264825	883
82,77203909	903
82,81142994	901
82,85082079	919
82,89021163	956
82,92960248	875
82,96899333	899
83,00838417	861
83,04777502	937
83,08716587	952
83,12655671	875
83,16594756	979
83,20533841	911
83,24472925	936
83,2841201	898
83,32351095	1000
83,36290179	884
83,40229264	884
83,44168349	915
83,48107433	930
83,52046518	861
83,55985603	910
83,59924687	959
83,63863772	897
83,67802857	902
83,71741941	915
83,75681026	887
83,79620111	910
83,83559195	917
83,8749828	908
83,91437365	910
83,95376449	921
83,99315534	895
84,03254619	914
84,07193703	947
84,11132788	941
84,15071873	960
84,19010957	889
84,22950042	952
84,26889127	945
84,30828211	923
84,34767296	897
84,38706381	946
84,42645465	880
84,4658455	840
84,50523635	919
84,54462719	977
84,58401804	900
84,62340889	896
84,66279973	911
84,70219058	962
84,74158143	988
84,78097227	940
84,82036312	932
84,85975397	852
84,89914481	948
84,93853566	939
84,97792651	971
85,01731735	920
85,0567082	921
85,09609905	909
85,13548989	972
85,17488074	882
85,21427159	951
85,25366243	893
85,29305328	874
85,33244413	932
85,37183497	855
85,41122582	848
85,45061667	972
85,49000751	958
85,52939836	925
85,56878921	912
85,60818005	962
85,6475709	879
85,68696175	913
85,72635259	910
85,76574344	849
85,80513428	920
85,84452513	861
85,88391598	887
85,92330682	942
85,96269767	870
86,00208852	985
86,04147936	963
86,08087021	945
86,12026106	897
86,1596519	943
86,19904275	921
86,2384336	976
86,27782444	955
86,31721529	901
86,35660614	921
86,39599698	947
86,43538783	949
86,47477868	868
86,51416952	959
86,55356037	934
86,59295122	919
86,63234206	991
86,67173291	955
86,71112376	941
86,7505146	990
86,78990545	981
86,8292963	958
86,86868714	1013
86,90807799	1075
86,94746884	970
86,98685968	1055
87,02625053	1059
87,06564138	1055
87,10503222	1133
87,14442307	1102
87,18381392	1161
87,22320476	1237
87,26259561	1369
87,30198646	1344
87,3413773	1555
87,38076815	1810
87,420159	1839
87,45954984	2150
87,49894069	2544
87,53833154	2776
87,57772238	3060
87,61711323	3198
87,65650408	3170
87,69589492	3161
87,73528577	2959
87,77467662	2986
87,81406746	2637
87,85345831	2394
87,89284916	2186
87,93224	2051
87,97163085	1941
88,0110217	1746
88,05041254	1657
88,08980339	1471
88,12919424	1315
88,16858508	1210
88,20797593	1170
88,24736678	1030
88,28675762	1046
88,32614847	952
88,36553932	960
88,40493016	956
88,44432101	952
88,48371186	954
88,5231027	1005
88,56249355	956
88,6018844	932
88,64127524	930
88,68066609	931
88,72005694	928
88,75944778	1015
88,79883863	941
88,83822948	937
88,87762032	897
88,91701117	966
88,95640202	961
88,99579286	915
89,03518371	873
89,07457456	894
89,1139654	856
89,15335625	886
89,1927471	875
89,23213794	909
89,27152879	892
89,31091964	912
89,35031048	990
89,38970133	874
89,42909218	890
89,46848302	946
89,50787387	881
89,54726472	967
89,58665556	937
89,62604641	930
89,66543726	910
89,7048281	884
89,74421895	859
89,7836098	933
89,82300064	978
89,86239149	904
89,90178234	931
89,94117318	916
89,98056403	895
