2Theta	Intensidade
20,01313028	518
20,03939085	468
20,06565141	528
20,09191198	488
20,11817254	477
20,14443311	517
20,17069367	478
20,19695424	473
20,2232148	480
20,24947537	469
20,27573593	500
20,3019965	491
20,32825706	417
20,35451763	489
20,38077819	478
20,40703876	484
20,43329932	456
20,45955989	469
20,48582045	450
20,51208102	419
20,53834158	407
20,56460215	497
20,59086271	439
20,61712328	460
20,64338384	475
20,66964441	466
20,69590497	472
20,72216554	483
20,7484261	452
20,77468667	470
20,80094723	439
20,8272078	449
20,85346836	453
20,87972893	463
20,90598949	484
20,93225006	457
20,95851062	415
20,98477119	407
21,01103175	403
21,03729232	449
21,06355288	403
21,08981345	462
21,11607401	435
21,14233458	430
21,16859514	411
21,19485571	451
21,22111627	414
21,24737684	411
21,2736374	426
21,29989797	407
21,32615853	404
21,3524191	401
21,37867966	416
21,40494023	440
21,43120079	403
21,45746136	398
21,48372192	403
21,50998249	410
21,53624305	430
21,56250362	406
21,58876418	398
21,61502475	385
21,64128531	381
21,66754588	400
21,69380644	424
21,72006701	380
21,74632757	382
21,77258814	387
21,7988487	406
21,82510927	371
21,85136983	400
21,8776304	415
21,90389096	371
21,93015153	395
21,95641209	399
21,98267266	375
22,00893322	380
22,03519379	383
22,06145435	369
22,08771492	399
22,11397548	367
22,14023605	364
22,16649661	384
22,19275718	369
22,21901774	413
22,24527831	345
22,27153887	366
22,29779944	385
22,32406	400
22,35032057	349
22,37658113	351
22,4028417	370
22,42910226	369
22,45536283	386
22,48162339	401
22,50788396	346
22,53414452	334
22,56040509	376
22,58666565	342
22,61292622	326
22,63918678	360
22,66544735	342
22,69170791	355
22,71796848	347
22,74422904	333
22,77048961	347
22,79675017	335
22,82301074	370
22,8492713	359
22,87553187	361
22,90179243	348
22,928053	354
22,95431356	323
22,98057413	355
23,00683469	353
23,03309526	339
23,05935582	333
23,08561639	347
23,11187695	347
23,13813752	331
23,16439808	339
23,19065865	354
23,21691921	330
23,24317978	348
23,26944034	302
23,29570091	294
23,32196147	315
23,34822204	350
23,3744826	304
23,40074317	335
23,42700373	367
23,4532643	294
23,47952486	327
23,50578543	340
23,53204599	324
23,55830656	313
23,58456712	359
23,61082769	325
23,63708825	337
23,66334882	290
23,68960938	312
23,71586995	279
23,74213051	279
23,76839108	324
23,79465164	289
23,82091221	304
23,84717277	338
23,87343334	311
23,8996939	276
23,92595447	301
23,95221503	302
23,9784756	299
24,00473616	310
24,03099673	314
24,05725729	303
24,08351786	272
24,10977842	290
24,13603899	313
24,16229955	360
24,18856012	303
24,21482068	273
24,24108125	280
24,26734181	277
24,29360238	284
24,31986294	315
24,34612351	271
24,37238407	295
24,39864464	295
24,4249052	292
24,45116577	311
24,47742633	313
24,5036869	348
24,52994746	288
24,55620803	285
24,58246859	308
24,60872916	283
24,63498972	291
24,66125029	302
24,68751085	305
24,71377142	273
24,74003198	282
24,76629255	295
24,79255311	318
24,81881368	280
24,84507424	282
24,87133481	281
24,89759537	296
24,92385594	289
24,9501165	277
24,97637707	274
25,00263763	260
25,0288982	269
25,05515876	286
25,08141933	266
25,10767989	283
25,13394046	290
25,16020102	305
25,18646159	295
25,21272215	273
25,23898272	281
25,26524328	293
25,29150385	273
25,31776441	256
25,34402498	246
25,37028554	290
25,39654611	277
25,42280667	276
25,44906724	261
25,4753278	261
25,50158837	295
25,52784893	267
25,5541095	263
25,58037006	288
25,60663063	264
25,63289119	277
25,65915176	265
25,68541232	244
25,71167289	241
25,73793345	281
25,76419402	285
25,79045458	283
25,81671515	243
25,84297571	288
25,86923628	261
25,89549684	276
25,92175741	242
25,94801797	274
25,97427854	257
26,0005391	253
26,02679967	302
26,05306023	240
26,0793208	262
26,10558136	251
26,13184193	293
26,15810249	259
26,18436306	270
26,21062362	237
26,23688419	272
26,26314475	243
26,28940532	260
26,31566588	274
26,34192645	243
26,36818701	261
26,39444758	236
26,42070814	244
26,44696871	245
26,47322927	240
26,49948984	262
26,5257504	267
26,55201097	263
26,57827153	258
26,6045321	257
26,63079266	282
26,65705323	237
26,68331379	263
26,70957436	266
26,73583492	239
26,76209549	234
26,78835605	241
26,81461662	232
26,84087718	276
26,86713775	231
26,89339831	230
26,91965888	270
26,94591944	229
26,97218001	265
26,99844057	209
27,02470114	262
27,0509617	247
27,07722227	278
27,10348283	286
27,1297434	282
27,15600396	323
27,18226453	348
27,20852509	354
27,23478566	344
27,26104622	407
27,28730679	326
27,31356735	366
27,33982792	326
27,36608848	313
27,39234905	320
27,41860961	297
27,44487018	264
27,47113074	248
27,49739131	254
27,52365187	253
27,54991244	247
27,576173	224
27,60243357	257
27,62869413	235
27,6549547	242
27,68121526	243
27,70747583	238
27,73373639	265
27,75999696	259
27,78625752	233
27,81251809	238
27,83877865	212
27,86503922	257
27,89129978	258
27,91756035	253
27,94382091	254
27,97008148	253
27,99634204	251
28,02260261	240
28,04886317	281
28,07512374	315
28,1013843	313
28,12764487	364
28,15390543	444
28,180166	534
28,20642656	570
28,23268713	702
28,25894769	806
28,28520826	822
28,31146882	862
28,33772939	814
28,36398995	803
28,39025052	709
28,41651108	675
28,44277165	579
28,46903221	499
28,49529278	426
28,52155334	387
28,54781391	300
28,57407447	269
28,60033504	254
28,6265956	256
28,65285617	256
28,67911673	238
28,7053773	237
28,73163786	252
28,75789843	227
28,78415899	222
28,81041956	224
28,83668012	188
28,86294069	221
28,88920125	208
28,91546182	226
28,94172238	205
28,96798295	218
28,99424351	221
29,02050408	224
29,04676464	211
29,07302521	225
29,09928577	236
29,12554634	194
29,1518069	201
29,17806747	237
29,20432803	205
29,2305886	217
29,25684916	247
29,28310973	207
29,30937029	191
29,33563086	206
29,36189142	179
29,38815199	194
29,41441255	213
29,44067312	226
29,46693368	224
29,49319425	209
29,51945481	184
29,54571538	179
29,57197594	199
29,59823651	220
29,62449707	230
29,65075764	196
29,6770182	205
29,70327877	190
29,72953933	180
29,7557999	200
29,78206046	215
29,80832103	208
29,83458159	192
29,86084216	190
29,88710272	221
29,91336329	181
29,93962385	237
29,96588442	241
29,99214498	199
30,01840555	191
30,04466611	192
30,07092668	200
30,09718724	196
30,12344781	216
30,14970837	196
30,17596894	219
30,2022295	219
30,22849007	221
30,25475063	200
30,2810112	219
30,30727176	201
30,33353233	216
30,35979289	175
30,38605346	210
30,41231402	178
30,43857459	217
30,46483515	201
30,49109572	185
30,51735628	234
30,54361685	179
30,56987741	195
30,59613798	220
30,62239854	170
30,64865911	199
30,67491967	203
30,70118024	195
30,7274408	201
30,75370137	199
30,77996193	217
30,8062225	197
30,83248306	218
30,85874363	209
30,88500419	209
30,91126476	157
30,93752532	203
30,96378589	201
30,99004645	169
31,01630702	200
31,04256758	166
31,06882815	198
31,09508871	193
31,12134928	183
31,14760984	205
31,17387041	191
31,20013097	182
31,22639154	189
31,2526521	164
31,27891267	191
31,30517323	200
31,3314338	231
31,35769436	171
31,38395493	178
31,41021549	197
31,43647606	196
31,46273662	210
31,48899719	261
31,51525775	246
31,54151832	242
31,56777888	292
31,59403945	355
31,62030001	386
31,64656058	347
31,67282114	387
31,69908171	394
31,72534227	357
31,75160284	293
31,7778634	256
31,80412397	214
31,83038453	214
31,8566451	221
31,88290566	175
31,90916623	168
31,93542679	213
31,96168736	155
31,98794792	191
32,01420849	180
32,04046905	159
32,06672962	189
32,09299018	166
32,11925075	152
32,14551131	177
32,17177188	184
32,19803244	168
32,22429301	184
32,25055357	179
32,27681414	169
32,3030747	155
32,32933527	190
32,35559583	185
32,3818564	160
32,40811696	180
32,43437753	192
32,46063809	187
32,48689866	185
32,51315922	170
32,53941979	158
32,56568035	147
32,59194092	194
32,61820149	182
32,64446205	180
32,67072262	161
32,69698318	185
32,72324375	178
32,74950431	181
32,77576488	178
32,80202544	160
32,82828601	175
32,85454657	180
32,88080714	185
32,9070677	158
32,93332827	176
32,95958883	165
32,9858494	181
33,01210996	177
33,03837053	162
33,06463109	178
33,09089166	179
33,11715222	146
33,14341279	150
33,16967335	195
33,19593392	157
33,22219448	188
33,24845505	179
33,27471561	178
33,30097618	169
33,32723674	161
33,35349731	153
33,37975787	152
33,40601844	153
33,432279	154
33,45853957	173
33,48480013	173
33,5110607	192
33,53732126	177
33,56358183	179
33,58984239	140
33,61610296	183
33,64236352	170
33,66862409	181
33,69488465	139
33,72114522	148
33,74740578	161
33,77366635	176
33,79992691	149
33,82618748	165
33,85244804	154
33,87870861	161
33,90496917	167
33,93122974	179
33,9574903	177
33,98375087	168
34,01001143	191
34,036272	165
34,06253256	153
34,08879313	163
34,11505369	171
34,14131426	170
34,16757482	158
34,19383539	159
34,22009595	159
34,24635652	182
34,27261708	156
34,29887765	152
34,32513821	151
34,35139878	159
34,37765934	173
34,40391991	162
34,43018047	174
34,45644104	147
34,4827016	190
34,50896217	164
34,53522273	160
34,5614833	139
34,58774386	157
34,61400443	139
34,64026499	166
34,66652556	137
34,69278612	164
34,71904669	165
34,74530725	152
34,77156782	161
34,79782838	166
34,82408895	132
34,85034951	167
34,87661008	149
34,90287064	136
34,92913121	155
34,95539177	163
34,98165234	158
35,0079129	154
35,03417347	166
35,06043403	146
35,0866946	152
35,11295516	138
35,13921573	157
35,16547629	134
35,19173686	146
35,21799742	179
35,24425799	162
35,27051855	148
35,29677912	141
35,32303968	171
35,34930025	162
35,37556081	147
35,40182138	178
35,42808194	154
35,45434251	137
35,48060307	159
35,50686364	150
35,5331242	129
35,55938477	161
35,58564533	146
35,6119059	156
35,63816646	162
35,66442703	150
35,69068759	149
35,71694816	158
35,74320872	146
35,76946929	156
35,79572985	145
35,82199042	161
35,84825098	149
35,87451155	139
35,90077211	152
35,92703268	122
35,95329324	165
35,97955381	153
36,00581437	159
36,03207494	125
36,0583355	161
36,08459607	135
36,11085663	138
36,1371172	134
36,16337776	138
36,18963833	140
36,21589889	159
36,24215946	138
36,26842002	138
36,29468059	142
36,32094115	136
36,34720172	124
36,37346228	151
36,39972285	132
36,42598341	152
36,45224398	160
36,47850454	129
36,50476511	156
36,53102567	155
36,55728624	144
36,5835468	148
36,60980737	154
36,63606793	128
36,6623285	143
36,68858906	139
36,71484963	148
36,74111019	141
36,76737076	125
36,79363132	142
36,81989189	141
36,84615245	139
36,87241302	151
36,89867358	132
36,92493415	149
36,95119471	120
36,97745528	144
37,00371584	122
37,02997641	131
37,05623697	142
37,08249754	121
37,1087581	114
37,13501867	119
37,16127923	161
37,1875398	139
37,21380036	135
37,24006093	149
37,26632149	127
37,29258206	128
37,31884262	132
37,34510319	153
37,37136375	144
37,39762432	127
37,42388488	157
37,45014545	130
37,47640601	137
37,50266658	133
37,52892714	126
37,55518771	144
37,58144827	150
37,60770884	144
37,6339694	140
37,66022997	133
37,68649053	126
37,7127511	140
37,73901166	133
37,76527223	132
37,79153279	132
37,81779336	115
37,84405392	118
37,87031449	123
37,89657505	126
37,92283562	140
37,94909618	135
37,97535675	139
38,00161731	152
38,02787788	152
38,05413844	127
38,08039901	126
38,10665957	135
38,13292014	111
38,1591807	147
38,18544127	146
38,21170183	127
38,2379624	133
38,26422296	145
38,29048353	131
38,31674409	124
38,34300466	135
38,36926522	149
38,39552579	135
38,42178635	141
38,44804692	140
38,47430748	131
38,50056805	146
38,52682861	124
38,55308918	134
38,57934974	148
38,60561031	127
38,63187087	167
38,65813144	118
38,684392	136
38,71065257	130
38,73691313	131
38,7631737	139
38,78943426	103
38,81569483	140
38,84195539	136
38,86821596	134
38,89447652	139
38,92073709	126
38,94699765	128
38,97325822	135
38,99951878	138
39,02577935	133
39,05203991	123
39,07830048	149
39,10456104	141
39,13082161	132
39,15708217	132
39,18334274	134
39,2096033	156
39,23586387	134
39,26212443	135
39,288385	130
39,31464556	120
39,34090613	140
39,36716669	134
39,39342726	116
39,41968782	104
39,44594839	130
39,47220895	123
39,49846952	159
39,52473008	129
39,55099065	134
39,57725121	123
39,60351178	153
39,62977234	129
39,65603291	120
39,68229347	143
39,70855404	112
39,7348146	130
39,76107517	129
39,78733573	114
39,8135963	128
39,83985686	131
39,86611743	139
39,89237799	128
39,91863856	149
39,94489912	137
39,97115969	136
39,99742025	135
40,02368082	124
40,04994138	127
40,07620195	117
40,10246251	138
40,12872308	142
40,15498364	133
40,18124421	140
40,20750477	187
40,23376534	201
40,2600259	242
40,28628647	257
40,31254703	285
40,3388076	301
40,36506816	352
40,39132873	411
40,41758929	490
40,44384986	501
40,47011042	612
40,49637099	595
40,52263155	550
40,54889212	476
40,57515268	416
40,60141325	376
40,62767381	308
40,65393438	255
40,68019494	221
40,70645551	177
40,73271607	141
40,75897664	173
40,7852372	139
40,81149777	126
40,83775833	124
40,8640189	120
40,89027946	136
40,91654003	122
40,94280059	128
40,96906116	151
40,99532172	100
41,02158229	132
41,04784285	142
41,07410342	116
41,10036398	134
41,12662455	144
41,15288511	128
41,17914568	127
41,20540624	123
41,23166681	115
41,25792737	98
41,28418794	103
41,3104485	111
41,33670907	119
41,36296963	133
41,3892302	118
41,41549076	109
41,44175133	127
41,46801189	118
41,49427246	123
41,52053302	109
41,54679359	109
41,57305415	116
41,59931472	139
41,62557528	128
41,65183585	120
41,67809641	146
41,70435698	129
41,73061754	134
41,75687811	130
41,78313867	98
41,80939924	118
41,8356598	120
41,86192037	117
41,88818093	127
41,9144415	130
41,94070206	113
41,96696263	116
41,99322319	163
42,01948376	122
42,04574432	132
42,07200489	116
42,09826545	118
42,12452602	138
42,15078658	124
42,17704715	110
42,20330771	106
42,22956828	120
42,25582884	122
42,28208941	112
42,30834997	142
42,33461054	121
42,3608711	119
42,38713167	126
42,41339223	120
42,4396528	125
42,46591336	125
42,49217393	134
42,51843449	110
42,54469506	111
42,57095562	142
42,59721619	132
42,62347675	104
42,64973732	111
42,67599788	119
42,70225845	124
42,72851901	119
42,75477958	102
42,78104014	127
42,80730071	110
42,83356127	109
42,85982184	111
42,8860824	119
42,91234297	127
42,93860353	89
42,9648641	144
42,99112466	147
43,01738523	121
43,04364579	97
43,06990636	115
43,09616692	108
43,12242749	131
43,14868805	156
43,17494862	121
43,20120918	112
43,22746975	107
43,25373031	113
43,27999088	104
43,30625144	129
43,33251201	115
43,35877257	105
43,38503314	131
43,4112937	113
43,43755427	108
43,46381483	117
43,4900754	91
43,51633596	140
43,54259653	121
43,56885709	115
43,59511766	122
43,62137822	118
43,64763879	111
43,67389935	111
43,70015992	98
43,72642048	99
43,75268105	112
43,77894161	120
43,80520218	97
43,83146274	98
43,85772331	134
43,88398387	100
43,91024444	123
43,936505	106
43,96276557	104
43,98902613	128
44,0152867	142
44,04154726	105
44,06780783	99
44,09406839	114
44,12032896	120
44,14658952	97
44,17285009	96
44,19911065	122
44,22537122	105
44,25163178	105
44,27789235	110
44,30415291	115
44,33041348	124
44,35667404	96
44,38293461	116
44,40919517	97
44,43545574	110
44,4617163	130
44,48797687	120
44,51423743	127
44,540498	116
44,56675856	101
44,59301913	96
44,61927969	93
44,64554026	97
44,67180082	111
44,69806139	127
44,72432195	127
44,75058252	107
44,77684308	115
44,80310365	120
44,82936421	134
44,85562478	124
44,88188534	124
44,90814591	108
44,93440647	115
44,96066704	124
44,9869276	110
45,01318817	122
45,03944873	103
45,0657093	127
45,09196986	144
45,11823043	132
45,14449099	121
45,17075156	156
45,19701212	223
45,22327269	251
45,24953325	275
45,27579382	353
45,30205438	372
45,32831495	424
45,35457551	413
45,38083608	439
45,40709664	422
45,43335721	385
45,45961777	343
45,48587834	282
45,5121389	246
45,53839947	255
45,56466003	217
45,5909206	166
45,61718116	151
45,64344173	131
45,66970229	125
45,69596286	112
45,72222342	109
45,74848399	146
45,77474455	105
45,80100512	110
45,82726568	79
45,85352625	108
45,87978681	96
45,90604738	105
45,93230794	113
45,95856851	102
45,98482907	103
46,01108964	97
46,0373502	93
46,06361077	80
46,08987133	118
46,1161319	97
46,14239246	91
46,16865303	129
46,19491359	107
46,22117416	65
46,24743472	103
46,27369529	100
46,29995585	110
46,32621642	100
46,35247698	91
46,37873755	96
46,40499811	109
46,43125868	98
46,45751924	99
46,48377981	101
46,51004037	110
46,53630094	95
46,5625615	103
46,58882207	110
46,61508264	88
46,6413432	81
46,66760377	103
46,69386433	88
46,7201249	109
46,74638546	110
46,77264603	119
46,79890659	89
46,82516716	90
46,85142772	101
46,87768829	89
46,90394885	113
46,93020942	88
46,95646998	84
46,98273055	109
47,00899111	94
47,03525168	83
47,06151224	100
47,08777281	98
47,11403337	105
47,14029394	90
47,1665545	98
47,19281507	95
47,21907563	95
47,2453362	111
47,27159676	101
47,29785733	80
47,32411789	98
47,35037846	110
47,37663902	111
47,40289959	104
47,42916015	98
47,45542072	107
47,48168128	108
47,50794185	96
47,53420241	94
47,56046298	117
47,58672354	95
47,61298411	86
47,63924467	90
47,66550524	82
47,6917658	95
47,71802637	113
47,74428693	110
47,7705475	88
47,79680806	81
47,82306863	84
47,84932919	106
47,87558976	115
47,90185032	112
47,92811089	110
47,95437145	92
47,98063202	102
48,00689258	80
48,03315315	95
48,05941371	94
48,08567428	113
48,11193484	103
48,13819541	75
48,16445597	72
48,19071654	88
48,2169771	82
48,24323767	122
48,26949823	108
48,2957588	109
48,32201936	99
48,34827993	118
48,37454049	119
48,40080106	84
48,42706162	94
48,45332219	83
48,47958275	105
48,50584332	98
48,53210388	115
48,55836445	107
48,58462501	83
48,61088558	88
48,63714614	85
48,66340671	84
48,68966727	108
48,71592784	97
48,7421884	97
48,76844897	113
48,79470953	105
48,8209701	96
48,84723066	79
48,87349123	110
48,89975179	95
48,92601236	82
48,95227292	109
48,97853349	111
49,00479405	113
49,03105462	96
49,05731518	98
49,08357575	100
49,10983631	94
49,13609688	95
49,16235744	110
49,18861801	108
49,21487857	103
49,24113914	100
49,2673997	99
49,29366027	103
49,31992083	77
49,3461814	115
49,37244196	110
49,39870253	85
49,42496309	78
49,45122366	116
49,47748422	111
49,50374479	112
49,53000535	99
49,55626592	119
49,58252648	108
49,60878705	105
49,63504761	104
49,66130818	112
49,68756874	96
49,71382931	111
49,74008987	124
49,76635044	103
49,792611	103
49,81887157	125
49,84513213	112
49,8713927	157
49,89765326	211
49,92391383	300
49,95017439	397
49,97643496	596
50,00269552	625
50,02895609	700
50,05521665	777
50,08147722	913
50,10773778	930
50,13399835	993
50,16025891	1026
50,18651948	952
50,21278004	803
50,23904061	628
50,26530117	560
50,29156174	459
50,3178223	390
50,34408287	278
50,37034343	212
50,396604	169
50,42286456	126
50,44912513	112
50,47538569	119
50,50164626	102
50,52790682	108
50,55416739	93
50,58042795	104
50,60668852	123
50,63294908	87
50,65920965	96
50,68547021	103
50,71173078	83
50,73799134	86
50,76425191	94
50,79051247	75
50,81677304	117
50,8430336	108
50,86929417	97
50,89555473	85
50,9218153	108
50,94807586	104
50,97433643	107
51,00059699	112
51,02685756	91
51,05311812	116
51,07937869	90
51,10563925	81
51,13189982	95
51,15816038	93
51,18442095	99
51,21068151	84
51,23694208	85
51,26320264	93
51,28946321	89
51,31572377	96
51,34198434	97
51,3682449	95
51,39450547	79
51,42076603	97
51,4470266	87
51,47328716	94
51,49954773	83
51,52580829	87
51,55206886	71
51,57832942	91
51,60458999	96
51,63085055	99
51,65711112	76
51,68337168	85
51,70963225	95
51,73589281	88
51,76215338	94
51,78841394	87
51,81467451	101
51,84093507	89
51,86719564	102
51,8934562	65
51,91971677	83
51,94597733	76
51,9722379	89
51,99849846	76
52,02475903	90
52,05101959	76
52,07728016	90
52,10354072	105
52,12980129	91
52,15606185	99
52,18232242	75
52,20858298	87
52,23484355	66
52,26110411	76
52,28736468	81
52,31362524	92
52,33988581	94
52,36614637	80
52,39240694	85
52,4186675	94
52,44492807	88
52,47118863	75
52,4974492	87
52,52370976	78
52,54997033	81
52,57623089	94
52,60249146	73
52,62875202	86
52,65501259	84
52,68127315	99
52,70753372	78
52,73379428	87
52,76005485	86
52,78631541	64
52,81257598	88
52,83883654	78
52,86509711	90
52,89135767	87
52,91761824	85
52,9438788	87
52,97013937	83
52,99639993	108
53,0226605	82
53,04892106	83
53,07518163	75
53,10144219	91
53,12770276	94
53,15396332	76
53,18022389	81
53,20648445	78
53,23274502	78
53,25900558	85
53,28526615	74
53,31152671	70
53,33778728	80
53,36404784	69
53,39030841	67
53,41656897	89
53,44282954	93
53,4690901	91
53,49535067	88
53,52161123	96
53,5478718	104
53,57413236	122
53,60039293	138
53,62665349	151
53,65291406	118
53,67917462	140
53,70543519	140
53,73169575	153
53,75795632	126
53,78421688	126
53,81047745	138
53,83673801	132
53,86299858	132
53,88925914	110
53,91551971	105
53,94178027	88
53,96804084	97
53,9943014	103
54,02056197	104
54,04682253	85
54,0730831	66
54,09934366	85
54,12560423	106
54,15186479	81
54,17812536	74
54,20438592	66
54,23064649	98
54,25690705	91
54,28316762	92
54,30942818	83
54,33568875	88
54,36194931	80
54,38820988	97
54,41447044	66
54,44073101	75
54,46699157	85
54,49325214	75
54,5195127	65
54,54577327	79
54,57203383	68
54,5982944	75
54,62455496	73
54,65081553	95
54,67707609	75
54,70333666	67
54,72959722	89
54,75585779	87
54,78211835	91
54,80837892	91
54,83463948	87
54,86090005	68
54,88716061	86
54,91342118	86
54,93968174	79
54,96594231	74
54,99220287	63
55,01846344	70
55,044724	61
55,07098457	88
55,09724513	92
55,1235057	63
55,14976626	75
55,17602683	84
55,20228739	82
55,22854796	76
55,25480852	80
55,28106909	67
55,30732965	74
55,33359022	76
55,35985078	78
55,38611135	76
55,41237191	53
55,43863248	69
55,46489304	73
55,49115361	62
55,51741417	84
55,54367474	80
55,5699353	87
55,59619587	69
55,62245643	94
55,648717	72
55,67497756	69
55,70123813	66
55,72749869	81
55,75375926	91
55,78001982	70
55,80628039	68
55,83254095	87
55,85880152	76
55,88506208	69
55,91132265	65
55,93758321	66
55,96384378	66
55,99010434	62
56,01636491	90
56,04262547	77
56,06888604	113
56,0951466	97
56,12140717	92
56,14766773	103
56,1739283	95
56,20018886	96
56,22644943	112
56,25270999	116
56,27897056	165
56,30523112	168
56,33149169	165
56,35775225	210
56,38401282	218
56,41027338	183
56,43653395	214
56,46279451	204
56,48905508	202
56,51531564	173
56,54157621	164
56,56783677	134
56,59409734	147
56,6203579	126
56,64661847	129
56,67287903	108
56,6991396	86
56,72540016	96
56,75166073	84
56,77792129	84
56,80418186	67
56,83044242	63
56,85670299	65
56,88296355	81
56,90922412	78
56,93548468	59
56,96174525	66
56,98800581	81
57,01426638	71
57,04052694	65
57,06678751	61
57,09304807	69
57,11930864	70
57,1455692	62
57,17182977	85
57,19809033	74
57,2243509	90
57,25061146	81
57,27687203	73
57,30313259	69
57,32939316	55
57,35565372	61
57,38191429	59
57,40817485	66
57,43443542	65
57,46069598	65
57,48695655	82
57,51321711	55
57,53947768	65
57,56573824	65
57,59199881	81
57,61825937	80
57,64451994	84
57,6707805	67
57,69704107	90
57,72330163	68
57,7495622	89
57,77582276	60
57,80208333	65
57,82834389	69
57,85460446	82
57,88086502	80
57,90712559	73
57,93338615	76
57,95964672	71
57,98590728	63
58,01216785	75
58,03842841	74
58,06468898	52
58,09094954	76
58,11721011	57
58,14347067	69
58,16973124	78
58,1959918	78
58,22225237	81
58,24851293	66
58,2747735	69
58,30103406	99
58,32729463	83
58,35355519	83
58,37981576	67
58,40607632	92
58,43233689	92
58,45859745	95
58,48485802	107
58,51111858	111
58,53737915	103
58,56363971	111
58,58990028	100
58,61616084	98
58,64242141	104
58,66868197	77
58,69494254	109
58,7212031	91
58,74746367	107
58,77372423	92
58,7999848	70
58,82624536	83
58,85250593	81
58,87876649	83
58,90502706	77
58,93128762	60
58,95754819	68
58,98380875	76
59,01006932	68
59,03632988	66
59,06259045	71
59,08885101	56
59,11511158	76
59,14137214	87
59,16763271	80
59,19389327	72
59,22015384	79
59,2464144	60
59,27267497	71
59,29893553	59
59,3251961	56
59,35145666	68
59,37771723	72
59,40397779	67
59,43023836	61
59,45649892	82
59,48275949	70
59,50902005	73
59,53528062	81
59,56154118	83
59,58780175	73
59,61406231	75
59,64032288	66
59,66658344	55
59,69284401	55
59,71910457	65
59,74536514	49
59,7716257	48
59,79788627	61
59,82414683	77
59,8504074	50
59,87666796	68
59,90292853	74
59,92918909	71
59,95544966	69
59,98171022	64
60,00797079	77
60,03423135	69
60,06049192	68
60,08675248	69
60,11301305	79
60,13927361	77
60,16553418	73
60,19179474	81
60,21805531	76
60,24431587	94
60,27057644	77
60,296837	68
60,32309757	80
60,34935813	58
60,3756187	73
60,40187926	62
60,42813983	57
60,45440039	64
60,48066096	60
60,50692152	57
60,53318209	66
60,55944265	70
60,58570322	70
60,61196379	73
60,63822435	73
60,66448492	78
60,69074548	52
60,71700605	73
60,74326661	62
60,76952718	62
60,79578774	90
60,82204831	65
60,84830887	51
60,87456944	61
60,90083	81
60,92709057	45
60,95335113	75
60,9796117	68
61,00587226	74
61,03213283	63
61,05839339	74
61,08465396	78
61,11091452	51
61,13717509	50
61,16343565	54
61,18969622	66
61,21595678	61
61,24221735	46
61,26847791	50
61,29473848	63
61,32099904	62
61,34725961	58
61,37352017	70
61,39978074	66
61,4260413	59
61,45230187	66
61,47856243	73
61,504823	61
61,53108356	51
61,55734413	51
61,58360469	68
61,60986526	71
61,63612582	68
61,66238639	68
61,68864695	61
61,71490752	44
61,74116808	74
61,76742865	55
61,79368921	63
61,81994978	64
61,84621034	68
61,87247091	66
61,89873147	51
61,92499204	55
61,9512526	68
61,97751317	64
62,00377373	46
62,0300343	65
62,05629486	67
62,08255543	63
62,10881599	67
62,13507656	62
62,16133712	58
62,18759769	61
62,21385825	57
62,24011882	67
62,26637938	67
62,29263995	63
62,31890051	60
62,34516108	71
62,37142164	72
62,39768221	83
62,42394277	44
62,45020334	75
62,4764639	53
62,50272447	56
62,52898503	58
62,5552456	71
62,58150616	70
62,60776673	72
62,63402729	64
62,66028786	76
62,68654842	61
62,71280899	65
62,73906955	57
62,76533012	62
62,79159068	62
62,81785125	50
62,84411181	57
62,87037238	54
62,89663294	52
62,92289351	66
62,94915407	58
62,97541464	63
63,0016752	61
63,02793577	46
63,05419633	75
63,0804569	57
63,10671746	68
63,13297803	79
63,15923859	63
63,18549916	48
63,21175972	52
63,23802029	74
63,26428085	76
63,29054142	44
63,31680198	63
63,34306255	69
63,36932311	62
63,39558368	60
63,42184424	56
63,44810481	66
63,47436537	80
63,50062594	63
63,5268865	54
63,55314707	75
63,57940763	52
63,6056682	58
63,63192876	59
63,65818933	72
63,68444989	67
63,71071046	58
63,73697102	58
63,76323159	55
63,78949215	75
63,81575272	62
63,84201328	69
63,86827385	96
63,89453441	53
63,92079498	75
63,94705554	71
63,97331611	73
63,99957667	65
64,02583724	74
64,0520978	64
64,07835837	66
64,10461893	91
64,1308795	67
64,15714006	69
64,18340063	84
64,20966119	78
64,23592176	68
64,26218232	71
64,28844289	58
64,31470345	69
64,34096402	67
64,36722458	69
64,39348515	60
64,41974571	72
64,44600628	62
64,47226684	85
64,49852741	70
64,52478797	65
64,55104854	66
64,5773091	60
64,60356967	56
64,62983023	68
64,6560908	66
64,68235136	52
64,70861193	69
64,73487249	59
64,76113306	77
64,78739362	63
64,81365419	80
64,83991475	51
64,86617532	66
64,89243588	66
64,91869645	47
64,94495701	56
64,97121758	63
64,99747814	68
65,02373871	70
65,04999927	61
65,07625984	64
65,1025204	65
65,12878097	84
65,15504153	75
65,1813021	71
65,20756266	68
65,23382323	73
65,26008379	71
65,28634436	63
65,31260492	71
65,33886549	54
65,36512605	67
65,39138662	73
65,41764718	73
65,44390775	77
65,47016831	81
65,49642888	93
65,52268944	73
65,54895001	62
65,57521057	68
65,60147114	66
65,6277317	74
65,65399227	73
65,68025283	74
65,7065134	92
65,73277396	78
65,75903453	106
65,78529509	77
65,81155566	81
65,83781622	102
65,86407679	74
65,89033735	84
65,91659792	94
65,94285848	110
65,96911905	100
65,99537961	98
66,02164018	115
66,04790074	125
66,07416131	140
66,10042187	155
66,12668244	252
66,152943	381
66,17920357	659
66,20546413	883
66,2317247	1034
66,25798526	1101
66,28424583	1187
66,31050639	1286
66,33676696	1438
66,36302752	1502
66,38928809	1573
66,41554865	1511
66,44180922	1370
66,46806978	1111
66,49433035	903
66,52059091	763
66,54685148	703
66,57311204	672
66,59937261	617
66,62563317	451
66,65189374	344
66,6781543	226
66,70441487	139
66,73067543	118
66,756936	125
66,78319656	80
66,80945713	90
66,83571769	85
66,86197826	86
66,88823882	84
66,91449939	85
66,94075995	76
66,96702052	62
66,99328108	74
67,01954165	60
67,04580221	74
67,07206278	60
67,09832334	66
67,12458391	76
67,15084447	80
67,17710504	69
67,2033656	65
67,22962617	77
67,25588673	82
67,2821473	64
67,30840786	68
67,33466843	65
67,36092899	66
67,38718956	57
67,41345012	84
67,43971069	68
67,46597125	63
67,49223182	74
67,51849238	82
67,54475295	69
67,57101351	58
67,59727408	60
67,62353464	69
67,64979521	64
67,67605577	65
67,70231634	65
67,7285769	58
67,75483747	73
67,78109803	75
67,8073586	64
67,83361916	55
67,85987973	63
67,88614029	49
67,91240086	72
67,93866142	54
67,96492199	68
67,99118255	59
68,01744312	67
68,04370368	61
68,06996425	59
68,09622481	59
68,12248538	68
68,14874594	64
68,17500651	43
68,20126707	65
68,22752764	62
68,2537882	60
68,28004877	77
68,30630933	62
68,3325699	68
68,35883046	61
68,38509103	65
68,41135159	55
68,43761216	62
68,46387272	76
68,49013329	55
68,51639385	56
68,54265442	78
68,56891498	57
68,59517555	72
68,62143611	76
68,64769668	60
68,67395724	71
68,70021781	79
68,72647837	58
68,75273894	69
68,7789995	46
68,80526007	62
68,83152063	61
68,8577812	55
68,88404176	64
68,91030233	57
68,93656289	55
68,96282346	68
68,98908402	62
69,01534459	64
69,04160515	67
69,06786572	55
69,09412628	57
69,12038685	44
69,14664741	59
69,17290798	61
69,19916854	68
69,22542911	80
69,25168967	61
69,27795024	60
69,3042108	56
69,33047137	59
69,35673193	47
69,3829925	71
69,40925306	62
69,43551363	56
69,46177419	58
69,48803476	69
69,51429532	60
69,54055589	59
69,56681645	59
69,59307702	73
69,61933758	61
69,64559815	53
69,67185871	75
69,69811928	52
69,72437984	56
69,75064041	69
69,77690097	56
69,80316154	56
69,8294221	60
69,85568267	65
69,88194323	49
69,9082038	50
69,93446436	60
69,96072493	73
69,98698549	58
70,01324606	64
70,03950662	39
70,06576719	58
70,09202775	54
70,11828832	57
70,14454888	66
70,17080945	59
70,19707001	66
70,22333058	58
70,24959114	71
70,27585171	39
70,30211227	60
70,32837284	70
70,3546334	56
70,38089397	49
70,40715453	53
70,4334151	47
70,45967566	60
70,48593623	54
70,51219679	52
70,53845736	46
70,56471792	47
70,59097849	54
70,61723905	63
70,64349962	55
70,66976018	56
70,69602075	72
70,72228131	48
70,74854188	70
70,77480244	55
70,80106301	53
70,82732357	39
70,85358414	57
70,8798447	51
70,90610527	59
70,93236583	67
70,9586264	58
70,98488696	61
71,01114753	57
71,03740809	70
71,06366866	60
71,08992922	61
71,11618979	48
71,14245035	55
71,16871092	49
71,19497148	72
71,22123205	56
71,24749261	44
71,27375318	70
71,30001374	59
71,32627431	62
71,35253487	52
71,37879544	53
71,405056	62
71,43131657	78
71,45757713	41
71,4838377	64
71,51009826	73
71,53635883	59
71,56261939	73
71,58887996	43
71,61514052	53
71,64140109	51
71,66766165	71
71,69392222	62
71,72018278	52
71,74644335	63
71,77270391	62
71,79896448	57
71,82522504	51
71,85148561	70
71,87774617	73
71,90400674	47
71,9302673	65
71,95652787	59
71,98278843	61
72,009049	51
72,03530956	74
72,06157013	63
72,08783069	54
72,11409126	49
72,14035182	48
72,16661239	52
72,19287295	69
72,21913352	59
72,24539408	56
72,27165465	61
72,29791521	49
72,32417578	56
72,35043634	51
72,37669691	71
72,40295747	61
72,42921804	52
72,4554786	67
72,48173917	61
72,50799973	61
72,5342603	64
72,56052086	53
72,58678143	60
72,61304199	67
72,63930256	60
72,66556312	40
72,69182369	58
72,71808425	68
72,74434482	71
72,77060538	74
72,79686595	78
72,82312651	83
72,84938708	103
72,87564764	117
72,90190821	127
72,92816877	140
72,95442934	124
72,9806899	119
73,00695047	142
73,03321103	130
73,0594716	114
73,08573216	107
73,11199273	118
73,13825329	87
73,16451386	100
73,19077442	86
73,21703499	102
73,24329555	67
73,26955612	57
73,29581668	69
73,32207725	68
73,34833781	71
73,37459838	78
73,40085894	72
73,42711951	106
73,45338007	79
73,47964064	75
73,5059012	89
73,53216177	116
73,55842233	121
73,5846829	125
73,61094346	130
73,63720403	125
73,66346459	131
73,68972516	163
73,71598572	123
73,74224629	136
73,76850685	130
73,79476742	123
73,82102798	122
73,84728855	108
73,87354911	106
73,89980968	92
73,92607024	105
73,95233081	79
73,97859137	79
74,00485194	94
74,0311125	75
74,05737307	64
74,08363363	48
74,1098942	66
74,13615476	67
74,16241533	74
74,18867589	59
74,21493646	80
74,24119702	67
74,26745759	70
74,29371815	63
74,31997872	65
74,34623928	61
74,37249985	70
74,39876041	69
74,42502098	65
74,45128154	71
74,47754211	63
74,50380267	72
74,53006324	71
74,5563238	49
74,58258437	54
74,60884494	67
74,6351055	55
74,66136607	60
74,68762663	67
74,7138872	75
74,74014776	63
74,76640833	81
74,79266889	75
74,81892946	70
74,84519002	81
74,87145059	71
74,89771115	78
74,92397172	90
74,95023228	78
74,97649285	104
75,00275341	110
75,02901398	123
75,05527454	190
75,08153511	279
75,10779567	335
75,13405624	456
75,1603168	451
75,18657737	504
75,21283793	529
75,2390985	586
75,26535906	586
75,29161963	629
75,31788019	587
75,34414076	543
75,37040132	476
75,39666189	407
75,42292245	326
75,44918302	342
75,47544358	332
75,50170415	262
75,52796471	313
75,55422528	242
75,58048584	198
75,60674641	137
75,63300697	111
75,65926754	81
75,6855281	66
75,71178867	70
75,73804923	59
75,7643098	80
75,79057036	74
75,81683093	72
75,84309149	73
75,86935206	53
75,89561262	66
75,92187319	66
75,94813375	57
75,97439432	56
76,00065488	60
76,02691545	52
76,05317601	53
76,07943658	60
76,10569714	61
76,13195771	62
76,15821827	59
76,18447884	68
76,2107394	58
76,23699997	58
76,26326053	56
76,2895211	46
76,31578166	63
76,34204223	53
76,36830279	61
76,39456336	64
76,42082392	42
76,44708449	59
76,47334505	52
76,49960562	72
76,52586618	68
76,55212675	60
76,57838731	49
76,60464788	50
76,63090844	69
76,65716901	51
76,68342957	55
76,70969014	50
76,7359507	42
76,76221127	60
76,78847183	56
76,8147324	71
76,84099296	53
76,86725353	60
76,89351409	52
76,91977466	41
76,94603522	47
76,97229579	62
76,99855635	58
77,02481692	46
77,05107748	51
77,07733805	55
77,10359861	52
77,12985918	65
77,15611974	66
77,18238031	55
77,20864087	69
77,23490144	63
77,261162	61
77,28742257	56
77,31368313	55
77,3399437	66
77,36620426	51
77,39246483	66
77,41872539	55
77,44498596	55
77,47124652	44
77,49750709	49
77,52376765	43
77,55002822	54
77,57628878	51
77,60254935	51
77,62880991	60
77,65507048	34
77,68133104	50
77,70759161	62
77,73385217	43
77,76011274	45
77,7863733	64
77,81263387	57
77,83889443	50
77,865155	52
77,89141556	55
77,91767613	60
77,94393669	38
77,97019726	50
77,99645782	52
78,02271839	54
78,04897895	64
78,07523952	51
78,10150008	57
78,12776065	44
78,15402121	45
78,18028178	44
78,20654234	60
78,23280291	63
78,25906347	58
78,28532404	45
78,3115846	47
78,33784517	54
78,36410573	40
78,3903663	51
78,41662686	52
78,44288743	49
78,46914799	60
78,49540856	35
78,52166912	48
78,54792969	67
78,57419025	48
78,60045082	45
78,62671138	58
78,65297195	55
78,67923251	59
78,70549308	53
78,73175364	52
78,75801421	52
78,78427477	53
78,81053534	53
78,8367959	55
78,86305647	50
78,88931703	45
78,9155776	65
78,94183816	59
78,96809873	63
78,99435929	54
79,02061986	50
79,04688042	42
79,07314099	58
79,09940155	67
79,12566212	49
79,15192268	35
79,17818325	45
79,20444381	53
79,23070438	49
79,25696494	47
79,28322551	61
79,30948607	50
79,33574664	49
79,3620072	40
79,38826777	39
79,41452833	50
79,4407889	51
79,46704946	41
79,49331003	49
79,51957059	44
79,54583116	56
79,57209172	47
79,59835229	54
79,62461285	50
79,65087342	46
79,67713398	45
79,70339455	39
79,72965511	61
79,75591568	53
79,78217624	57
79,80843681	58
79,83469737	56
79,86095794	48
79,8872185	47
79,91347907	52
79,93973963	53
79,9660002	40
79,99226076	44
80,01852133	51
80,04478189	63
80,07104246	62
80,09730302	47
80,12356359	46
80,14982415	47
80,17608472	38
80,20234528	55
80,22860585	42
80,25486641	53
80,28112698	52
80,30738754	46
80,33364811	59
80,35990867	44
80,38616924	51
80,4124298	50
80,43869037	51
80,46495093	42
80,4912115	53
80,51747206	55
80,54373263	49
80,56999319	42
80,59625376	43
80,62251432	41
80,64877489	49
80,67503545	47
80,70129602	44
80,72755658	49
80,75381715	33
80,78007771	57
80,80633828	40
80,83259884	54
80,85885941	42
80,88511997	48
80,91138054	51
80,9376411	40
80,96390167	58
80,99016223	61
81,0164228	53
81,04268336	43
81,06894393	45
81,09520449	59
81,12146506	46
81,14772562	43
81,17398619	56
81,20024675	45
81,22650732	51
81,25276788	54
81,27902845	57
81,30528901	48
81,33154958	59
81,35781014	57
81,38407071	62
81,41033127	49
81,43659184	50
81,4628524	36
81,48911297	56
81,51537353	44
81,5416341	57
81,56789466	38
81,59415523	45
81,62041579	50
81,64667636	40
81,67293692	43
81,69919749	47
81,72545805	59
81,75171862	42
81,77797918	41
81,80423975	52
81,83050031	55
81,85676088	58
81,88302144	50
81,90928201	49
81,93554257	33
81,96180314	35
81,9880637	53
82,01432427	56
82,04058483	58
82,0668454	54
82,09310596	61
82,11936653	50
82,14562709	47
82,17188766	59
82,19814822	60
82,22440879	48
82,25066935	46
82,27692992	54
82,30319048	54
82,32945105	42
82,35571161	36
82,38197218	41
82,40823274	63
82,43449331	59
82,46075387	42
82,48701444	62
82,513275	47
82,53953557	46
82,56579613	48
82,5920567	50
82,61831726	53
82,64457783	61
82,67083839	64
82,69709896	56
82,72335952	48
82,74962009	52
82,77588065	60
82,80214122	49
82,82840178	48
82,85466235	42
82,88092291	58
82,90718348	57
82,93344404	53
82,95970461	43
82,98596517	48
83,01222574	48
83,0384863	47
83,06474687	43
83,09100743	44
83,117268	48
83,14352856	52
83,16978913	48
83,19604969	45
83,22231026	47
83,24857082	54
83,27483139	52
83,30109195	38
83,32735252	56
83,35361308	58
83,37987365	50
83,40613421	39
83,43239478	45
83,45865534	56
83,48491591	60
83,51117647	58
83,53743704	47
83,5636976	52
83,58995817	53
83,61621873	43
83,6424793	55
83,66873986	54
83,69500043	70
83,72126099	66
83,74752156	72
83,77378212	102
83,80004269	117
83,82630325	177
83,85256382	185
83,87882438	211
83,90508495	206
83,93134551	234
83,95760608	226
83,98386664	236
84,01012721	215
84,03638777	182
84,06264834	171
84,0889089	136
84,11516947	147
84,14143003	124
84,1676906	145
84,19395116	125
84,22021173	123
84,24647229	134
84,27273286	116
84,29899342	104
84,32525399	83
84,35151455	64
84,37777512	50
84,40403568	51
84,43029625	57
84,45655681	53
84,48281738	60
84,50907794	51
84,53533851	49
84,56159907	34
84,58785964	48
84,6141202	56
84,64038077	38
84,66664133	41
84,6929019	37
84,71916246	57
84,74542303	39
84,77168359	51
84,79794416	52
84,82420472	57
84,85046529	54
84,87672585	51
84,90298642	59
84,92924698	55
84,95550755	59
84,98176811	48
85,00802868	42
85,03428924	48
85,06054981	44
85,08681037	44
85,11307094	31
85,1393315	39
85,16559207	43
85,19185263	51
85,2181132	42
85,24437376	40
85,27063433	43
85,29689489	42
85,32315546	62
85,34941602	49
85,37567659	36
85,40193715	53
85,42819772	42
85,45445828	42
85,48071885	42
85,50697941	36
85,53323998	51
85,55950054	47
85,58576111	56
85,61202167	36
85,63828224	56
85,6645428	56
85,69080337	52
85,71706393	35
85,7433245	49
85,76958506	64
85,79584563	33
85,82210619	35
85,84836676	53
85,87462732	42
85,90088789	43
85,92714845	43
85,95340902	46
85,97966958	39
86,00593015	42
86,03219071	30
86,05845128	38
86,08471184	35
86,11097241	35
86,13723297	46
86,16349354	47
86,1897541	43
86,21601467	54
86,24227523	36
86,2685358	52
86,29479636	46
86,32105693	57
86,34731749	55
86,37357806	49
86,39983862	39
86,42609919	42
86,45235975	53
86,47862032	44
86,50488088	60
86,53114145	43
86,55740201	40
86,58366258	47
86,60992314	54
86,63618371	40
86,66244427	37
86,68870484	47
86,7149654	47
86,74122597	41
86,76748653	55
86,7937471	50
86,82000766	67
86,84626823	58
86,87252879	40
86,89878936	48
86,92504992	43
86,95131049	50
86,97757105	47
87,00383162	42
87,03009218	41
87,05635275	45
87,08261331	55
87,10887388	53
87,13513444	56
87,16139501	52
87,18765557	61
87,21391614	60
87,2401767	43
87,26643727	49
87,29269783	55
87,3189584	57
87,34521896	61
87,37147953	62
87,39774009	74
87,42400066	76
87,45026122	99
87,47652179	86
87,50278235	89
87,52904292	108
87,55530348	92
87,58156405	104
87,60782461	87
87,63408518	87
87,66034574	75
87,68660631	58
87,71286687	81
87,73912744	71
87,765388	60
87,79164857	61
87,81790913	69
87,8441697	63
87,87043026	71
87,89669083	49
87,92295139	50
87,94921196	59
87,97547252	55
88,00173309	48
88,02799365	45
88,05425422	52
88,08051478	58
88,10677535	54
88,13303591	46
88,15929648	44
88,18555704	37
88,21181761	46
88,23807817	38
88,26433874	59
88,2905993	46
88,31685987	47
88,34312043	48
88,369381	49
88,39564156	50
88,42190213	61
88,44816269	50
88,47442326	42
88,50068382	41
88,52694439	45
88,55320495	46
88,57946552	59
88,60572609	45
88,63198665	55
88,65824722	32
88,68450778	61
88,71076835	41
88,73702891	52
88,76328948	51
88,78955004	44
88,81581061	45
88,84207117	55
88,86833174	54
88,8945923	38
88,92085287	48
88,94711343	43
88,973374	42
88,99963456	51
89,02589513	43
89,05215569	46
89,07841626	38
89,10467682	52
89,13093739	43
89,15719795	55
89,18345852	45
89,20971908	50
89,23597965	54
89,26224021	45
89,28850078	46
89,31476134	39
89,34102191	50
89,36728247	35
89,39354304	46
89,4198036	46
89,44606417	52
89,47232473	39
89,4985853	43
89,52484586	55
89,55110643	49
89,57736699	44
89,60362756	41
89,62988812	41
89,65614869	44
89,68240925	37
89,70866982	49
89,73493038	43
89,76119095	42
89,78745151	34
89,81371208	69
89,83997264	39
89,86623321	43
89,89249377	70
89,91875434	33
89,9450149	41
89,97127547	38
89,99753603	42
