2Theta	Intensidade
20,01969542	787
20,05908627	721
20,09847711	789
20,13786796	780
20,17725881	785
20,21664965	744
20,2560405	698
20,29543135	767
20,33482219	683
20,37421304	659
20,41360389	738
20,45299473	702
20,49238558	775
20,53177643	684
20,57116727	710
20,61055812	736
20,64994897	786
20,68933981	658
20,72873066	754
20,76812151	775
20,80751235	681
20,8469032	688
20,88629405	714
20,92568489	684
20,96507574	754
21,00446659	649
21,04385743	677
21,08324828	658
21,12263913	681
21,16202997	619
21,20142082	660
21,24081167	685
21,28020251	657
21,31959336	678
21,35898421	655
21,39837505	642
21,4377659	593
21,47715675	589
21,51654759	616
21,55593844	632
21,59532929	589
21,63472013	606
21,67411098	663
21,71350183	628
21,75289267	606
21,79228352	656
21,83167437	596
21,87106521	624
21,91045606	609
21,94984691	643
21,98923775	621
22,0286286	643
22,06801945	557
22,10741029	572
22,14680114	599
22,18619199	607
22,22558283	599
22,26497368	573
22,30436453	550
22,34375537	549
22,38314622	581
22,42253707	540
22,46192791	620
22,50131876	566
22,54070961	604
22,58010045	587
22,6194913	625
22,65888215	588
22,69827299	576
22,73766384	526
22,77705469	578
22,81644553	567
22,85583638	577
22,89522723	555
22,93461807	559
22,97400892	515
23,01339977	575
23,05279061	541
23,09218146	544
23,13157231	524
23,17096315	583
23,210354	515
23,24974485	575
23,28913569	480
23,32852654	494
23,36791739	504
23,40730823	478
23,44669908	521
23,48608993	535
23,52548077	534
23,56487162	522
23,60426247	489
23,64365331	532
23,68304416	501
23,72243501	568
23,76182585	459
23,8012167	476
23,84060755	517
23,87999839	452
23,91938924	541
23,95878009	486
23,99817093	513
24,03756178	520
24,07695263	498
24,11634347	443
24,15573432	539
24,19512517	450
24,23451601	484
24,27390686	514
24,31329771	453
24,35268855	497
24,3920794	487
24,43147025	489
24,47086109	482
24,51025194	494
24,54964279	450
24,58903363	441
24,62842448	465
24,66781533	516
24,70720617	497
24,74659702	514
24,78598787	532
24,82537871	460
24,86476956	489
24,90416041	470
24,94355125	497
24,9829421	459
25,02233295	481
25,06172379	486
25,10111464	444
25,14050548	431
25,17989633	458
25,21928718	446
25,25867802	482
25,29806887	463
25,33745972	503
25,37685056	450
25,41624141	491
25,45563226	445
25,4950231	451
25,53441395	440
25,5738048	481
25,61319564	457
25,65258649	475
25,69197734	489
25,73136818	479
25,77075903	453
25,81014988	447
25,84954072	458
25,88893157	481
25,92832242	447
25,96771326	474
26,00710411	447
26,04649496	491
26,0858858	477
26,12527665	446
26,1646675	453
26,20405834	444
26,24344919	415
26,28284004	450
26,32223088	515
26,36162173	492
26,40101258	428
26,44040342	425
26,47979427	468
26,51918512	449
26,55857596	432
26,59796681	434
26,63735766	502
26,6767485	461
26,71613935	462
26,7555302	440
26,79492104	428
26,83431189	440
26,87370274	481
26,91309358	433
26,95248443	452
26,99187528	449
27,03126612	439
27,07065697	476
27,11004782	459
27,14943866	458
27,18882951	461
27,22822036	483
27,2676112	559
27,30700205	655
27,3463929	728
27,38578374	792
27,42517459	903
27,46456544	848
27,50395628	825
27,54334713	790
27,58273798	680
27,62212882	564
27,66151967	463
27,70091052	466
27,74030136	399
27,77969221	432
27,81908306	416
27,8584739	387
27,89786475	449
27,9372556	408
27,97664644	456
28,01603729	436
28,05542814	449
28,09481898	470
28,13420983	433
28,17360068	429
28,21299152	468
28,25238237	483
28,29177322	429
28,33116406	429
28,37055491	476
28,40994576	466
28,4493366	475
28,48872745	477
28,5281183	513
28,56750914	574
28,60689999	605
28,64629084	660
28,68568168	619
28,72507253	562
28,76446338	574
28,80385422	480
28,84324507	468
28,88263592	446
28,92202676	453
28,96141761	446
29,00080846	481
29,0401993	499
29,07959015	471
29,118981	489
29,15837184	452
29,19776269	398
29,23715354	459
29,27654438	474
29,31593523	426
29,35532608	422
29,39471692	466
29,43410777	443
29,47349862	459
29,51288946	400
29,55228031	404
29,59167116	415
29,631062	395
29,67045285	456
29,7098437	460
29,74923454	480
29,78862539	453
29,82801624	371
29,86740708	400
29,90679793	429
29,94618878	372
29,98557962	429
30,02497047	488
30,06436132	464
30,10375216	469
30,14314301	408
30,18253386	454
30,2219247	407
30,26131555	443
30,3007064	427
30,34009724	435
30,37948809	413
30,41887894	456
30,45826978	440
30,49766063	472
30,53705148	505
30,57644232	541
30,61583317	533
30,65522402	620
30,69461486	655
30,73400571	681
30,77339656	714
30,8127874	766
30,85217825	785
30,8915691	750
30,93095994	748
30,97035079	842
31,00974164	756
31,04913248	799
31,08852333	851
31,12791418	834
31,16730502	831
31,20669587	856
31,24608672	836
31,28547756	898
31,32486841	894
31,36425926	958
31,4036501	1117
31,44304095	1623
31,4824318	2498
31,52182264	4152
31,56121349	7681
31,60060434	14532
31,63999518	22924
31,67938603	30340
31,71877688	39935
31,75816772	53251
31,79755857	61350
31,83694942	58373
31,87634026	45210
31,91573111	29310
31,95512196	14739
31,9945128	6815
32,03390365	2833
32,0732945	1628
32,11268534	1213
32,15207619	1013
32,19146704	887
32,23085788	880
32,27024873	806
32,30963958	764
32,34903042	796
32,38842127	691
32,42781212	728
32,46720296	752
32,50659381	695
32,54598466	663
32,5853755	631
32,62476635	636
32,6641572	655
32,70354804	641
32,74293889	551
32,78232974	563
32,82172058	529
32,86111143	536
32,90050227	523
32,93989312	556
32,97928397	561
33,01867481	504
33,05806566	562
33,09745651	538
33,13684735	506
33,1762382	482
33,21562905	512
33,25501989	502
33,29441074	442
33,33380159	480
33,37319243	489
33,41258328	515
33,45197413	468
33,49136497	454
33,53075582	477
33,57014667	448
33,60953751	473
33,64892836	399
33,68831921	501
33,72771005	478
33,7671009	469
33,80649175	473
33,84588259	437
33,88527344	485
33,92466429	434
33,96405513	417
34,00344598	432
34,04283683	460
34,08222767	413
34,12161852	420
34,16100937	423
34,20040021	441
34,23979106	425
34,27918191	446
34,31857275	483
34,3579636	445
34,39735445	460
34,43674529	554
34,47613614	580
34,51552699	587
34,55491783	551
34,59430868	559
34,63369953	456
34,67309037	439
34,71248122	433
34,75187207	378
34,79126291	369
34,83065376	381
34,87004461	409
34,90943545	353
34,9488263	393
34,98821715	390
35,02760799	422
35,06699884	417
35,10638969	361
35,14578053	374
35,18517138	383
35,22456223	369
35,26395307	367
35,30334392	329
35,34273477	369
35,38212561	363
35,42151646	416
35,46090731	375
35,50029815	342
35,539689	360
35,57907985	363
35,61847069	346
35,65786154	357
35,69725239	344
35,73664323	334
35,77603408	322
35,81542493	345
35,85481577	333
35,89420662	304
35,93359747	328
35,97298831	317
36,01237916	330
36,05177001	378
36,09116085	308
36,1305517	331
36,16994255	322
36,20933339	315
36,24872424	317
36,28811509	279
36,32750593	342
36,36689678	290
36,40628763	303
36,44567847	321
36,48506932	315
36,52446017	289
36,56385101	300
36,60324186	306
36,64263271	298
36,68202355	331
36,7214144	325
36,76080525	319
36,80019609	285
36,83958694	335
36,87897779	297
36,91836863	314
36,95775948	361
36,99715033	345
37,03654117	269
37,07593202	314
37,11532287	337
37,15471371	311
37,19410456	301
37,23349541	297
37,27288625	323
37,3122771	311
37,35166795	304
37,39105879	315
37,43044964	295
37,46984049	283
37,50923133	336
37,54862218	281
37,58801303	290
37,62740387	299
37,66679472	305
37,70618557	332
37,74557641	289
37,78496726	275
37,82435811	293
37,86374895	275
37,9031398	284
37,94253065	299
37,98192149	277
38,02131234	293
38,06070319	288
38,10009403	306
38,13948488	278
38,17887573	269
38,21826657	294
38,25765742	280
38,29704827	280
38,33643911	253
38,37582996	260
38,41522081	286
38,45461165	281
38,4940025	258
38,53339335	270
38,57278419	288
38,61217504	247
38,65156589	308
38,69095673	287
38,73034758	258
38,76973843	257
38,80912927	224
38,84852012	286
38,88791097	290
38,92730181	309
38,96669266	276
39,00608351	250
39,04547435	286
39,0848652	284
39,12425605	275
39,16364689	300
39,20303774	265
39,24242859	269
39,28181943	298
39,32121028	249
39,36060113	270
39,39999197	246
39,43938282	279
39,47877367	265
39,51816451	290
39,55755536	257
39,59694621	271
39,63633705	280
39,6757279	265
39,71511875	264
39,75450959	245
39,79390044	258
39,83329129	274
39,87268213	297
39,91207298	254
39,95146383	291
39,99085467	233
40,03024552	264
40,06963637	243
40,10902721	236
40,14841806	265
40,18780891	245
40,22719975	253
40,2665906	233
40,30598145	239
40,34537229	263
40,38476314	205
40,42415399	255
40,46354483	242
40,50293568	255
40,54232653	256
40,58171737	247
40,62110822	248
40,66049906	269
40,69988991	233
40,73928076	237
40,7786716	245
40,81806245	223
40,8574533	236
40,89684414	248
40,93623499	265
40,97562584	256
41,01501668	204
41,05440753	239
41,09379838	250
41,13318922	241
41,17258007	213
41,21197092	270
41,25136176	226
41,29075261	242
41,33014346	247
41,3695343	245
41,40892515	240
41,448316	239
41,48770684	220
41,52709769	222
41,56648854	265
41,60587938	260
41,64527023	247
41,68466108	232
41,72405192	246
41,76344277	251
41,80283362	241
41,84222446	247
41,88161531	254
41,92100616	227
41,960397	246
41,99978785	231
42,0391787	251
42,07856954	214
42,11796039	228
42,15735124	246
42,19674208	222
42,23613293	211
42,27552378	197
42,31491462	216
42,35430547	223
42,39369632	247
42,43308716	221
42,47247801	246
42,51186886	238
42,5512597	224
42,59065055	216
42,6300414	207
42,66943224	229
42,70882309	222
42,74821394	242
42,78760478	213
42,82699563	179
42,86638648	223
42,90577732	249
42,94516817	218
42,98455902	206
43,02394986	208
43,06334071	236
43,10273156	228
43,1421224	214
43,18151325	239
43,2209041	243
43,26029494	193
43,29968579	239
43,33907664	209
43,37846748	225
43,41785833	227
43,45724918	216
43,49664002	190
43,53603087	186
43,57542172	227
43,61481256	211
43,65420341	234
43,69359426	226
43,7329851	228
43,77237595	227
43,8117668	222
43,85115764	240
43,89054849	220
43,92993934	207
43,96933018	226
44,00872103	232
44,04811188	233
44,08750272	213
44,12689357	258
44,16628442	224
44,20567526	208
44,24506611	207
44,28445696	251
44,3238478	228
44,36323865	243
44,4026295	235
44,44202034	253
44,48141119	225
44,52080204	241
44,56019288	226
44,59958373	238
44,63897458	216
44,67836542	257
44,71775627	218
44,75714712	235
44,79653796	210
44,83592881	214
44,87531966	223
44,9147105	212
44,95410135	283
44,9934922	249
45,03288304	215
45,07227389	235
45,11166474	296
45,15105558	242
45,19044643	303
45,22983728	381
45,26922812	467
45,30861897	734
45,34800982	1123
45,38740066	1589
45,42679151	1832
45,46618236	2176
45,5055732	2375
45,54496405	2369
45,5843549	2241
45,62374574	1927
45,66313659	1361
45,70252744	1056
45,74191828	800
45,78130913	478
45,82069998	322
45,86009082	259
45,89948167	262
45,93887252	238
45,97826336	255
46,01765421	222
46,05704506	247
46,0964359	201
46,13582675	225
46,1752176	245
46,21460844	236
46,25399929	252
46,29339014	243
46,33278098	243
46,37217183	204
46,41156268	222
46,45095352	216
46,49034437	204
46,52973522	225
46,56912606	212
46,60851691	193
46,64790776	203
46,6872986	194
46,72668945	218
46,7660803	233
46,80547114	177
46,84486199	196
46,88425284	218
46,92364368	215
46,96303453	210
47,00242538	190
47,04181622	230
47,08120707	190
47,12059792	193
47,15998876	194
47,19937961	235
47,23877046	205
47,2781613	190
47,31755215	187
47,356943	187
47,39633384	216
47,43572469	195
47,47511554	206
47,51450638	222
47,55389723	226
47,59328808	167
47,63267892	183
47,67206977	188
47,71146062	185
47,75085146	204
47,79024231	174
47,82963316	174
47,869024	193
47,90841485	209
47,9478057	207
47,98719654	184
48,02658739	224
48,06597824	185
48,10536908	218
48,14475993	192
48,18415078	184
48,22354162	201
48,26293247	168
48,30232332	203
48,34171416	180
48,38110501	161
48,42049585	173
48,4598867	192
48,49927755	209
48,53866839	180
48,57805924	169
48,61745009	172
48,65684093	191
48,69623178	178
48,73562263	174
48,77501347	204
48,81440432	166
48,85379517	187
48,89318601	187
48,93257686	177
48,97196771	187
49,01135855	168
49,0507494	190
49,09014025	184
49,12953109	180
49,16892194	168
49,20831279	184
49,24770363	172
49,28709448	198
49,32648533	203
49,36587617	193
49,40526702	162
49,44465787	181
49,48404871	186
49,52343956	196
49,56283041	173
49,60222125	176
49,6416121	182
49,68100295	167
49,72039379	171
49,75978464	191
49,79917549	178
49,83856633	165
49,87795718	179
49,91734803	170
49,95673887	171
49,99612972	195
50,03552057	174
50,07491141	161
50,11430226	174
50,15369311	201
50,19308395	182
50,2324748	191
50,27186565	165
50,31125649	167
50,35064734	157
50,39003819	193
50,42942903	173
50,46881988	177
50,50821073	204
50,54760157	173
50,58699242	154
50,62638327	178
50,66577411	167
50,70516496	173
50,74455581	206
50,78394665	163
50,8233375	163
50,86272835	167
50,90211919	153
50,94151004	175
50,98090089	156
51,02029173	181
51,05968258	168
51,09907343	150
51,13846427	173
51,17785512	177
51,21724597	161
51,25663681	178
51,29602766	187
51,33541851	155
51,37480935	137
51,4142002	173
51,45359105	129
51,49298189	163
51,53237274	151
51,57176359	153
51,61115443	152
51,65054528	145
51,68993613	154
51,72932697	133
51,76871782	155
51,80810867	155
51,84749951	161
51,88689036	163
51,92628121	166
51,96567205	145
52,0050629	174
52,04445375	158
52,08384459	161
52,12323544	176
52,16262629	162
52,20201713	173
52,24140798	153
52,28079883	152
52,32018967	179
52,35958052	175
52,39897137	149
52,43836221	153
52,47775306	141
52,51714391	150
52,55653475	134
52,5959256	132
52,63531645	144
52,67470729	157
52,71409814	170
52,75348899	160
52,79287983	164
52,83227068	144
52,87166153	187
52,91105237	135
52,95044322	177
52,98983407	175
53,02922491	142
53,06861576	175
53,10800661	160
53,14739745	149
53,1867883	150
53,22617915	166
53,26556999	143
53,30496084	155
53,34435169	162
53,38374253	162
53,42313338	183
53,46252423	152
53,50191507	135
53,54130592	152
53,58069677	165
53,62008761	156
53,65947846	169
53,69886931	233
53,73826015	280
53,777651	359
53,81704185	382
53,85643269	389
53,89582354	379
53,93521439	369
53,97460523	356
54,01399608	317
54,05338693	260
54,09277777	223
54,13216862	229
54,17155947	202
54,21095031	170
54,25034116	160
54,28973201	151
54,32912285	144
54,3685137	132
54,40790455	148
54,44729539	144
54,48668624	146
54,52607709	161
54,56546793	162
54,60485878	162
54,64424963	148
54,68364047	141
54,72303132	165
54,76242217	155
54,80181301	146
54,84120386	131
54,88059471	141
54,91998555	147
54,9593764	150
54,99876725	114
55,03815809	158
55,07754894	145
55,11693979	152
55,15633063	166
55,19572148	145
55,23511233	147
55,27450317	149
55,31389402	147
55,35328487	148
55,39267571	139
55,43206656	135
55,47145741	153
55,51084825	119
55,5502391	140
55,58962995	144
55,62902079	140
55,66841164	159
55,70780249	149
55,74719333	156
55,78658418	146
55,82597503	150
55,86536587	139
55,90475672	147
55,94414757	152
55,98353841	148
56,02292926	160
56,06232011	144
56,10171095	160
56,1411018	151
56,18049264	143
56,21988349	153
56,25927434	196
56,29866518	246
56,33805603	296
56,37744688	593
56,41683772	801
56,45622857	905
56,49561942	1018
56,53501026	1229
56,57440111	1342
56,61379196	1283
56,6531828	890
56,69257365	692
56,7319645	600
56,77135534	505
56,81074619	322
56,85013704	215
56,88952788	173
56,92891873	158
56,96830958	133
57,00770042	143
57,04709127	122
57,08648212	164
57,12587296	163
57,16526381	148
57,20465466	138
57,2440455	141
57,28343635	139
57,3228272	145
57,36221804	149
57,40160889	149
57,44099974	144
57,48039058	136
57,51978143	124
57,55917228	151
57,59856312	121
57,63795397	139
57,67734482	133
57,71673566	148
57,75612651	120
57,79551736	142
57,8349082	154
57,87429905	126
57,9136899	141
57,95308074	145
57,99247159	141
58,03186244	145
58,07125328	123
58,11064413	143
58,15003498	141
58,18942582	129
58,22881667	145
58,26820752	118
58,30759836	125
58,34698921	150
58,38638006	115
58,4257709	133
58,46516175	133
58,5045526	132
58,54394344	165
58,58333429	117
58,62272514	116
58,66211598	109
58,70150683	145
58,74089768	139
58,78028852	130
58,81967937	107
58,85907022	148
58,89846106	132
58,93785191	127
58,97724276	122
59,0166336	150
59,05602445	141
59,0954153	130
59,13480614	159
59,17419699	112
59,21358784	142
59,25297868	144
59,29236953	136
59,33176038	122
59,37115122	158
59,41054207	110
59,44993292	134
59,48932376	120
59,52871461	124
59,56810546	114
59,6074963	142
59,64688715	113
59,686278	147
59,72566884	134
59,76505969	124
59,80445054	130
59,84384138	130
59,88323223	147
59,92262308	150
59,96201392	108
60,00140477	130
60,04079562	129
60,08018646	128
60,11957731	145
60,15896816	124
60,198359	116
60,23774985	142
60,2771407	152
60,31653154	151
60,35592239	144
60,39531324	132
60,43470408	125
60,47409493	136
60,51348578	125
60,55287662	135
60,59226747	110
60,63165832	145
60,67104916	115
60,71044001	148
60,74983086	130
60,7892217	123
60,82861255	124
60,8680034	119
60,90739424	124
60,94678509	105
60,98617594	118
61,02556678	126
61,06495763	122
61,10434848	99
61,14373932	121
61,18313017	130
61,22252102	131
61,26191186	128
61,30130271	125
61,34069356	136
61,3800844	138
61,41947525	107
61,4588661	127
61,49825694	128
61,53764779	160
61,57703864	105
61,61642948	118
61,65582033	126
61,69521118	168
61,73460202	135
61,77399287	121
61,81338372	139
61,85277456	105
61,89216541	103
61,93155626	106
61,9709471	102
62,01033795	121
62,0497288	113
62,08911964	125
62,12851049	124
62,16790134	133
62,20729218	141
62,24668303	99
62,28607388	144
62,32546472	126
62,36485557	132
62,40424642	141
62,44363726	110
62,48302811	111
62,52241896	148
62,5618098	130
62,60120065	131
62,6405915	101
62,67998234	97
62,71937319	116
62,75876404	127
62,79815488	134
62,83754573	105
62,87693658	104
62,91632742	134
62,95571827	109
62,99510912	129
63,03449996	147
63,07389081	127
63,11328166	95
63,1526725	136
63,19206335	112
63,2314542	125
63,27084504	132
63,31023589	126
63,34962674	138
63,38901758	124
63,42840843	133
63,46779928	113
63,50719012	121
63,54658097	116
63,58597182	127
63,62536266	130
63,66475351	144
63,70414436	145
63,7435352	145
63,78292605	132
63,8223169	142
63,86170774	137
63,90109859	117
63,94048943	145
63,97988028	145
64,01927113	92
64,05866197	124
64,09805282	128
64,13744367	135
64,17683451	122
64,21622536	144
64,25561621	142
64,29500705	139
64,3343979	124
64,37378875	119
64,41317959	127
64,45257044	135
64,49196129	128
64,53135213	123
64,57074298	151
64,61013383	140
64,64952467	109
64,68891552	123
64,72830637	155
64,76769721	126
64,80708806	126
64,84647891	131
64,88586975	155
64,9252606	124
64,96465145	148
65,00404229	150
65,04343314	142
65,08282399	144
65,12221483	122
65,16160568	130
65,20099653	158
65,24038737	143
65,27977822	147
65,31916907	128
65,35855991	155
65,39795076	129
65,43734161	136
65,47673245	129
65,5161233	169
65,55551415	155
65,59490499	141
65,63429584	148
65,67368669	200
65,71307753	173
65,75246838	164
65,79185923	182
65,83125007	165
65,87064092	187
65,91003177	213
65,94942261	281
65,98881346	394
66,02820431	609
66,06759515	897
66,106986	1641
66,14637685	1942
66,18576769	1893
66,22515854	1762
66,26454939	1614
66,30394023	1837
66,34333108	2384
66,38272193	2254
66,42211277	1593
66,46150362	868
66,50089447	784
66,54028531	908
66,57967616	791
66,61906701	467
66,65845785	260
66,6978487	198
66,73723955	193
66,77663039	173
66,81602124	175
66,85541209	174
66,89480293	172
66,93419378	138
66,97358463	178
67,01297547	153
67,05236632	154
67,09175717	145
67,13114801	155
67,17053886	148
67,20992971	138
67,24932055	132
67,2887114	136
67,32810225	149
67,36749309	151
67,40688394	137
67,44627479	130
67,48566563	126
67,52505648	135
67,56444733	154
67,60383817	119
67,64322902	125
67,68261987	131
67,72201071	103
67,76140156	129
67,80079241	125
67,84018325	121
67,8795741	120
67,91896495	125
67,95835579	139
67,99774664	120
68,03713749	117
68,07652833	147
68,11591918	148
68,15531003	131
68,19470087	132
68,23409172	125
68,27348257	105
68,31287341	125
68,35226426	130
68,39165511	137
68,43104595	136
68,4704368	121
68,50982765	124
68,54921849	120
68,58860934	126
68,62800019	143
68,66739103	132
68,70678188	113
68,74617273	113
68,78556357	128
68,82495442	124
68,86434527	130
68,90373611	121
68,94312696	129
68,98251781	127
69,02190865	136
69,0612995	136
69,10069035	124
69,14008119	128
69,17947204	134
69,21886289	127
69,25825373	125
69,29764458	112
69,33703543	126
69,37642627	123
69,41581712	98
69,45520797	142
69,49459881	126
69,53398966	134
69,57338051	132
69,61277135	122
69,6521622	102
69,69155305	128
69,73094389	114
69,77033474	113
69,80972559	124
69,84911643	96
69,88850728	106
69,92789813	107
69,96728897	103
70,00667982	117
70,04607067	119
70,08546151	112
70,12485236	109
70,16424321	124
70,20363405	125
70,2430249	113
70,28241575	112
70,32180659	126
70,36119744	128
70,40058829	110
70,43997913	113
70,47936998	105
70,51876083	122
70,55815167	92
70,59754252	109
70,63693337	110
70,67632421	124
70,71571506	100
70,75510591	120
70,79449675	120
70,8338876	122
70,87327845	88
70,91266929	107
70,95206014	97
70,99145099	97
71,03084183	120
71,07023268	135
71,10962353	120
71,14901437	108
71,18840522	102
71,22779607	122
71,26718691	118
71,30657776	103
71,34596861	101
71,38535945	104
71,4247503	115
71,46414115	115
71,50353199	107
71,54292284	108
71,58231369	106
71,62170453	118
71,66109538	122
71,70048623	118
71,73987707	99
71,77926792	106
71,81865876	133
71,85804961	114
71,89744046	133
71,9368313	104
71,97622215	126
72,015613	143
72,05500384	115
72,09439469	130
72,13378554	123
72,17317638	109
72,21256723	121
72,25195808	109
72,29134892	144
72,33073977	150
72,37013062	139
72,40952146	131
72,44891231	136
72,48830316	131
72,527694	168
72,56708485	103
72,6064757	130
72,64586654	127
72,68525739	123
72,72464824	148
72,76403908	126
72,80342993	115
72,84282078	133
72,88221162	123
72,92160247	137
72,96099332	131
73,00038416	152
73,03977501	140
73,07916586	158
73,1185567	146
73,15794755	190
73,1973384	178
73,23672924	200
73,27612009	168
73,31551094	157
73,35490178	153
73,39429263	162
73,43368348	148
73,47307432	125
73,51246517	136
73,55185602	151
73,59124686	140
73,63063771	122
73,67002856	134
73,7094194	133
73,74881025	137
73,7882011	143
73,82759194	132
73,86698279	138
73,90637364	121
73,94576448	142
73,98515533	141
74,02454618	124
74,06393702	154
74,10332787	161
74,14271872	147
74,18210956	146
74,22150041	125
74,26089126	113
74,3002821	168
74,33967295	140
74,3790638	138
74,41845464	136
74,45784549	134
74,49723634	113
74,53662718	153
74,57601803	130
74,61540888	136
74,65479972	146
74,69419057	144
74,73358142	170
74,77297226	191
74,81236311	164
74,85175396	188
74,8911448	200
74,93053565	184
74,9699265	209
75,00931734	245
75,04870819	288
75,08809904	447
75,12748988	670
75,16688073	1154
75,20627158	1590
75,24566242	2271
75,28505327	2897
75,32444412	3122
75,36383496	3259
75,40322581	3313
75,44261666	3127
75,4820075	2701
75,52139835	2117
75,5607892	1710
75,60018004	1606
75,63957089	1426
75,67896174	1219
75,71835258	737
75,75774343	391
75,79713428	256
75,83652512	228
75,87591597	191
75,91530682	188
75,95469766	150
75,99408851	135
76,03347936	151
76,0728702	164
76,11226105	142
76,1516519	163
76,19104274	160
76,23043359	142
76,26982444	149
76,30921528	166
76,34860613	125
76,38799698	126
76,42738782	125
76,46677867	148
76,50616952	115
76,54556036	136
76,58495121	128
76,62434206	142
76,6637329	131
76,70312375	112
76,7425146	126
76,78190544	147
76,82129629	122
76,86068714	105
76,90007798	122
76,93946883	134
76,97885968	136
77,01825052	119
77,05764137	125
77,09703222	115
77,13642306	119
77,17581391	122
77,21520476	148
77,2545956	124
77,29398645	100
77,3333773	122
77,37276814	102
77,41215899	105
77,45154984	123
77,49094068	146
77,53033153	121
77,56972238	105
77,60911322	115
77,64850407	110
77,68789492	120
77,72728576	116
77,76667661	117
77,80606746	86
77,8454583	104
77,88484915	121
77,92424	83
77,96363084	130
78,00302169	119
78,04241254	95
78,08180338	132
78,12119423	106
78,16058508	111
78,19997592	90
78,23936677	106
78,27875762	90
78,31814846	105
78,35753931	90
78,39693016	111
78,436321	106
78,47571185	110
78,5151027	114
78,55449354	115
78,59388439	97
78,63327524	104
78,67266608	99
78,71205693	104
78,75144778	108
78,79083862	114
78,83022947	105
78,86962032	100
78,90901116	104
78,94840201	104
78,98779286	111
79,0271837	139
79,06657455	107
79,1059654	112
79,14535624	114
79,18474709	111
79,22413794	104
79,26352878	102
79,30291963	116
79,34231048	99
79,38170132	99
79,42109217	98
79,46048302	98
79,49987386	103
79,53926471	88
79,57865555	88
79,6180464	98
79,65743725	111
79,69682809	106
79,73621894	133
79,77560979	118
79,81500063	110
79,85439148	87
79,89378233	79
79,93317317	89
79,97256402	106
80,01195487	120
80,05134571	98
80,09073656	96
80,13012741	101
80,16951825	98
80,2089091	114
80,24829995	93
80,28769079	99
80,32708164	108
80,36647249	93
80,40586333	106
80,44525418	108
80,48464503	91
80,52403587	99
80,56342672	109
80,60281757	99
80,64220841	123
80,68159926	107
80,72099011	102
80,76038095	101
80,7997718	91
80,83916265	90
80,87855349	98
80,91794434	116
80,95733519	94
80,99672603	94
81,03611688	96
81,07550773	102
81,11489857	91
81,15428942	111
81,19368027	102
81,23307111	110
81,27246196	104
81,31185281	105
81,35124365	115
81,3906345	101
81,43002535	105
81,46941619	84
81,50880704	90
81,54819789	117
81,58758873	116
81,62697958	109
81,66637043	96
81,70576127	90
81,74515212	102
81,78454297	98
81,82393381	86
81,86332466	91
81,90271551	116
81,94210635	99
81,9814972	105
82,02088805	96
82,06027889	88
82,09966974	95
82,13906059	104
82,17845143	97
82,21784228	95
82,25723313	110
82,29662397	104
82,33601482	94
82,37540567	90
82,41479651	82
82,45418736	94
82,49357821	88
82,53296905	103
82,5723599	101
82,61175075	80
82,65114159	91
82,69053244	111
82,72992329	101
82,76931413	119
82,80870498	100
82,84809583	119
82,88748667	106
82,92687752	101
82,96626837	114
83,00565921	106
83,04505006	86
83,08444091	112
83,12383175	96
83,1632226	113
83,20261345	118
83,24200429	106
83,28139514	99
83,32078599	115
83,36017683	113
83,39956768	102
83,43895853	114
83,47834937	110
83,51774022	109
83,55713107	119
83,59652191	139
83,63591276	109
83,67530361	155
83,71469445	165
83,7540853	182
83,79347615	223
83,83286699	352
83,87225784	603
83,91164869	759
83,95103953	838
83,99043038	837
84,02982123	896
84,06921207	932
84,10860292	908
84,14799377	949
84,18738461	780
84,22677546	602
84,26616631	501
84,30555715	508
84,344948	482
84,38433885	449
84,42372969	307
84,46312054	244
84,50251139	154
84,54190223	133
84,58129308	150
84,62068393	111
84,66007477	101
84,69946562	93
84,73885647	97
84,77824731	110
84,81763816	102
84,85702901	106
84,89641985	97
84,9358107	88
84,97520155	87
85,01459239	83
85,05398324	84
85,09337409	89
85,13276493	99
85,17215578	106
85,21154663	98
85,25093747	111
85,29032832	88
85,32971917	85
85,36911001	97
85,40850086	98
85,44789171	87
85,48728255	97
85,5266734	92
85,56606425	75
85,60545509	97
85,64484594	83
85,68423679	97
85,72362763	102
85,76301848	106
85,80240933	96
85,84180017	88
85,88119102	79
85,92058187	92
85,95997271	100
85,99936356	97
86,03875441	82
86,07814525	79
86,1175361	106
86,15692695	73
86,19631779	101
86,23570864	87
86,27509949	93
86,31449033	90
86,35388118	88
86,39327203	85
86,43266287	93
86,47205372	88
86,51144457	117
86,55083541	94
86,59022626	79
86,62961711	86
86,66900795	90
86,7083988	83
86,74778965	86
86,78718049	107
86,82657134	91
86,86596219	81
86,90535303	89
86,94474388	71
86,98413473	85
87,02352557	75
87,06291642	99
87,10230727	78
87,14169811	86
87,18108896	90
87,22047981	76
87,25987065	81
87,2992615	94
87,33865234	94
87,37804319	94
87,41743404	87
87,45682488	86
87,49621573	74
87,53560658	81
87,57499742	94
87,61438827	76
87,65377912	75
87,69316996	99
87,73256081	81
87,77195166	108
87,8113425	94
87,85073335	80
87,8901242	90
87,92951504	81
87,96890589	95
88,00829674	69
88,04768758	86
88,08707843	83
88,12646928	100
88,16586012	94
88,20525097	74
88,24464182	109
88,28403266	87
88,32342351	71
88,36281436	88
88,4022052	93
88,44159605	76
88,4809869	85
88,52037774	81
88,55976859	98
88,59915944	76
88,63855028	83
88,67794113	63
88,71733198	78
88,75672282	115
88,79611367	79
88,83550452	92
88,87489536	87
88,91428621	77
88,95367706	105
88,9930679	101
89,03245875	79
89,0718496	82
89,11124044	99
89,15063129	78
89,19002214	79
89,22941298	88
89,26880383	64
89,30819468	105
89,34758552	87
89,38697637	107
89,42636722	90
89,46575806	86
89,50514891	84
89,54453976	67
89,5839306	81
89,62332145	78
89,6627123	82
89,70210314	97
89,74149399	102
89,78088484	75
89,82027568	86
89,85966653	94
89,89905738	83
89,93844822	69
89,97783907	89
